County,PD,Year,Sworn Full Time,Sworn Part Time,Sworn Total,Civilian Full Time,Civilian Part Time,Civilian Total,Full Time Total,Part Time Total,Grand Total
Albany,Albany City PD,2007,334,0,334,123,71,194,457,71,528
Albany,Albany City PD,2008,332,0,332,124,9,133,456,9,465
Albany,Albany City PD,2009,327,0,327,136,58,194,463,58,521
Albany,Albany City PD,2010,327,0,327,138,66,204,465,66,531
Albany,Albany City PD,2011,312,0,312,132,59,191,444,59,503
Albany,Albany City PD,2012,322,0,322,123,54,177,445,54,499
Albany,Albany City PD,2013,332,0,332,104,52,156,436,52,488
Albany,Albany City PD,2014,337,0,337,121,51,172,458,51,509
Albany,Albany City PD,2015,335,0,335,98,54,152,433,54,487
Albany,Albany City PD,2016,336,0,336,97,58,155,433,58,491
Albany,Albany City PD,2017,333,0,333,85,53,138,418,53,471
Albany,Albany City PD,2018,316,0,316,88,51,139,404,51,455
Albany,Albany City PD,2019,293,3,296,89,50,139,382,53,435
Albany,Albany City PD,2020,295,0,295,76,44,120,371,44,415
Albany,Albany City PD,2021,283,0,283,76,39,115,359,39,398
Albany,Albany City PD,2022,294,0,294,79,39,118,373,39,412
Albany,Albany City PD,2023,286,0,286,62,44,106,348,44,392
Albany,Albany County Park PD Headquarters,2008,12,0,12,3,1,4,15,1,16
Albany,Albany County Sheriff,2007,131,0,131,41,63,104,172,63,235
Albany,Albany County Sheriff,2008,129,0,129,47,67,114,176,67,243
Albany,Albany County Sheriff,2009,126,0,126,46,72,118,172,72,244
Albany,Albany County Sheriff,2010,122,0,122,46,82,128,168,82,250
Albany,Albany County Sheriff,2011,121,0,121,36,80,116,157,80,237
Albany,Albany County Sheriff,2012,118,0,118,46,88,134,164,88,252
Albany,Albany County Sheriff,2013,120,0,120,45,83,128,165,83,248
Albany,Albany County Sheriff,2014,114,0,114,49,77,126,163,77,240
Albany,Albany County Sheriff,2015,117,0,117,53,79,132,170,79,249
Albany,Albany County Sheriff,2016,113,0,113,59,84,143,172,84,256
Albany,Albany County Sheriff,2017,120,0,120,60,98,158,180,98,278
Albany,Albany County Sheriff,2018,131,0,131,62,101,163,193,101,294
Albany,Albany County Sheriff,2019,146,0,146,63,90,153,209,90,299
Albany,Albany County Sheriff,2020,131,0,131,72,74,146,203,74,277
Albany,Albany County Sheriff,2021,135,0,135,75,74,149,210,74,284
Albany,Albany County Sheriff,2022,135,0,135,77,76,153,212,76,288
Albany,Albany County Sheriff,2023,136,0,136,79,84,163,215,84,299
Albany,Altamont Vg PD,2007,1,9,10,0,0,0,1,9,10
Albany,Altamont Vg PD,2008,1,10,11,0,0,0,1,10,11
Albany,Altamont Vg PD,2010,1,8,9,0,0,0,1,8,9
Albany,Altamont Vg PD,2011,1,11,12,0,0,0,1,11,12
Albany,Altamont Vg PD,2012,1,11,12,0,0,0,1,11,12
Albany,Altamont Vg PD,2013,1,11,12,0,0,0,1,11,12
Albany,Altamont Vg PD,2014,1,11,12,0,0,0,1,11,12
Albany,Altamont Vg PD,2015,1,12,13,0,0,0,1,12,13
Albany,Altamont Vg PD,2016,1,12,13,0,0,0,1,12,13
Albany,Altamont Vg PD,2017,1,11,12,0,0,0,1,11,12
Albany,Altamont Vg PD,2018,1,12,13,0,0,0,1,12,13
Albany,Altamont Vg PD,2019,1,12,13,0,0,0,1,12,13
Albany,Altamont Vg PD,2020,1,11,12,0,0,0,1,11,12
Albany,Altamont Vg PD,2021,1,12,13,0,0,0,1,12,13
Albany,Altamont Vg PD,2022,11,12,23,0,0,0,11,12,23
Albany,Altamont Vg PD,2023,0,12,12,0,0,0,0,12,12
Albany,Bethlehem Town PD,2007,43,0,43,19,0,19,62,0,62
Albany,Bethlehem Town PD,2008,42,0,42,18,8,26,60,8,68
Albany,Bethlehem Town PD,2009,40,0,40,17,9,26,57,9,66
Albany,Bethlehem Town PD,2010,42,0,42,17,10,27,59,10,69
Albany,Bethlehem Town PD,2011,42,0,42,17,10,27,59,10,69
Albany,Bethlehem Town PD,2012,37,0,37,15,10,25,52,10,62
Albany,Bethlehem Town PD,2013,35,0,35,14,0,14,49,0,49
Albany,Bethlehem Town PD,2014,37,0,37,14,0,14,51,0,51
Albany,Bethlehem Town PD,2015,37,0,37,14,0,14,51,0,51
Albany,Bethlehem Town PD,2016,40,0,40,14,0,14,54,0,54
Albany,Bethlehem Town PD,2018,38,0,38,15,1,16,53,1,54
Albany,Bethlehem Town PD,2019,38,0,38,15,1,16,53,1,54
Albany,Bethlehem Town PD,2020,38,0,38,15,1,16,53,1,54
Albany,Bethlehem Town PD,2021,39,0,39,14,2,16,53,2,55
Albany,Bethlehem Town PD,2022,37,0,37,15,2,17,52,2,54
Albany,Bethlehem Town PD,2023,37,0,37,17,2,19,54,2,56
Albany,Coeymans Town PD,2007,6,7,13,3,7,10,9,14,23
Albany,Coeymans Town PD,2009,6,13,19,4,9,13,10,22,32
Albany,Coeymans Town PD,2010,6,13,19,3,9,12,9,22,31
Albany,Coeymans Town PD,2011,6,13,19,3,9,12,9,22,31
Albany,Coeymans Town PD,2012,4,18,22,3,8,11,7,26,33
Albany,Coeymans Town PD,2013,6,15,21,3,13,16,9,28,37
Albany,Coeymans Town PD,2014,6,15,21,3,15,18,9,30,39
Albany,Coeymans Town PD,2015,4,20,24,1,3,4,5,23,28
Albany,Coeymans Town PD,2016,4,17,21,1,2,3,5,19,24
Albany,Coeymans Town PD,2017,3,19,22,1,4,5,4,23,27
Albany,Coeymans Town PD,2018,3,19,22,1,3,4,4,22,26
Albany,Coeymans Town PD,2019,3,22,25,1,3,4,4,25,29
Albany,Coeymans Town PD,2020,2,17,19,1,1,2,3,18,21
Albany,Coeymans Town PD,2021,2,11,13,1,1,2,3,12,15
Albany,Coeymans Town PD,2022,2,8,10,1,0,1,3,8,11
Albany,Coeymans Town PD,2023,3,8,11,1,0,1,4,8,12
Albany,Cohoes City PD,2007,35,0,35,13,17,30,48,17,65
Albany,Cohoes City PD,2008,35,0,35,12,15,27,47,15,62
Albany,Cohoes City PD,2009,36,0,36,13,14,27,49,14,63
Albany,Cohoes City PD,2010,34,0,34,11,15,26,45,15,60
Albany,Cohoes City PD,2011,34,0,34,11,12,23,45,12,57
Albany,Cohoes City PD,2012,32,0,32,4,11,15,36,11,47
Albany,Cohoes City PD,2013,33,0,33,4,11,15,37,11,48
Albany,Cohoes City PD,2014,32,0,32,4,9,13,36,9,45
Albany,Cohoes City PD,2015,31,0,31,4,9,13,35,9,44
Albany,Cohoes City PD,2016,33,0,33,4,9,13,37,9,46
Albany,Cohoes City PD,2017,32,0,32,4,10,14,36,10,46
Albany,Cohoes City PD,2018,35,0,35,4,10,14,39,10,49
Albany,Cohoes City PD,2019,33,0,33,2,0,2,35,0,35
Albany,Cohoes City PD,2020,31,0,31,3,0,3,34,0,34
Albany,Cohoes City PD,2021,30,0,30,3,0,3,33,0,33
Albany,Cohoes City PD,2022,32,0,32,2,0,2,34,0,34
Albany,Cohoes City PD,2023,31,0,31,3,0,3,34,0,34
Albany,Colonie Town PD,2007,108,0,108,44,21,65,152,21,173
Albany,Colonie Town PD,2008,108,0,108,44,23,67,152,23,175
Albany,Colonie Town PD,2009,108,0,108,44,23,67,152,23,175
Albany,Colonie Town PD,2010,106,0,106,44,20,64,150,20,170
Albany,Colonie Town PD,2011,107,0,107,41,16,57,148,16,164
Albany,Colonie Town PD,2012,106,0,106,40,15,55,146,15,161
Albany,Colonie Town PD,2013,107,0,107,40,15,55,147,15,162
Albany,Colonie Town PD,2014,107,0,107,39,12,51,146,12,158
Albany,Colonie Town PD,2015,108,0,108,39,12,51,147,12,159
Albany,Colonie Town PD,2016,111,0,111,39,12,51,150,12,162
Albany,Colonie Town PD,2017,109,0,109,36,10,46,145,10,155
Albany,Colonie Town PD,2018,114,0,114,39,13,52,153,13,166
Albany,Colonie Town PD,2019,118,0,118,34,7,41,152,7,159
Albany,Colonie Town PD,2020,109,0,109,35,10,45,144,10,154
Albany,Colonie Town PD,2022,114,0,114,45,13,58,159,13,172
Albany,Colonie Town PD,2023,115,0,115,38,12,50,153,12,165
Albany,Green Island Vg PD,2007,1,19,20,1,13,14,2,32,34
Albany,Green Island Vg PD,2008,0,19,19,1,11,12,1,30,31
Albany,Green Island Vg PD,2009,1,20,21,0,10,10,1,30,31
Albany,Green Island Vg PD,2010,1,20,21,0,10,10,1,30,31
Albany,Green Island Vg PD,2011,0,19,19,0,14,14,0,33,33
Albany,Green Island Vg PD,2012,0,23,23,0,13,13,0,36,36
Albany,Green Island Vg PD,2013,0,23,23,0,2,2,0,25,25
Albany,Green Island Vg PD,2014,0,24,24,0,2,2,0,26,26
Albany,Green Island Vg PD,2015,0,23,23,0,2,2,0,25,25
Albany,Green Island Vg PD,2016,0,23,23,0,1,1,0,24,24
Albany,Green Island Vg PD,2017,0,23,23,0,1,1,0,24,24
Albany,Green Island Vg PD,2018,0,25,25,0,1,1,0,26,26
Albany,Green Island Vg PD,2019,0,25,25,0,1,1,0,26,26
Albany,Green Island Vg PD,2020,0,26,26,0,0,0,0,26,26
Albany,Green Island Vg PD,2022,0,25,25,0,0,0,0,25,25
Albany,Green Island Vg PD,2023,0,23,23,0,0,0,0,23,23
Albany,Guilderland Town PD,2007,34,0,34,16,1,17,50,1,51
Albany,Guilderland Town PD,2008,34,0,34,17,1,18,51,1,52
Albany,Guilderland Town PD,2009,34,0,34,17,1,18,51,1,52
Albany,Guilderland Town PD,2010,35,0,35,16,1,17,51,1,52
Albany,Guilderland Town PD,2011,34,0,34,16,0,16,50,0,50
Albany,Guilderland Town PD,2012,35,0,35,13,0,13,48,0,48
Albany,Guilderland Town PD,2013,34,0,34,10,0,10,44,0,44
Albany,Guilderland Town PD,2014,35,0,35,13,0,13,48,0,48
Albany,Guilderland Town PD,2015,34,0,34,13,0,13,47,0,47
Albany,Guilderland Town PD,2016,35,0,35,13,0,13,48,0,48
Albany,Guilderland Town PD,2017,36,0,36,14,2,16,50,2,52
Albany,Guilderland Town PD,2018,36,0,36,14,2,16,50,2,52
Albany,Guilderland Town PD,2019,39,0,39,16,0,16,55,0,55
Albany,Guilderland Town PD,2020,37,0,37,16,0,16,53,0,53
Albany,Guilderland Town PD,2021,38,0,38,15,0,15,53,0,53
Albany,Guilderland Town PD,2022,40,0,40,14,0,14,54,0,54
Albany,Guilderland Town PD,2023,39,0,39,15,0,15,54,0,54
Albany,Menands Vg PD,2007,9,4,13,3,9,12,12,13,25
Albany,Menands Vg PD,2008,10,4,14,3,8,11,13,12,25
Albany,Menands Vg PD,2009,10,4,14,3,6,9,13,10,23
Albany,Menands Vg PD,2010,10,4,14,3,8,11,13,12,25
Albany,Menands Vg PD,2011,11,3,14,3,6,9,14,9,23
Albany,Menands Vg PD,2012,11,4,15,3,5,8,14,9,23
Albany,Menands Vg PD,2013,11,3,14,3,4,7,14,7,21
Albany,Menands Vg PD,2014,10,4,14,3,4,7,13,8,21
Albany,Menands Vg PD,2015,11,4,15,3,5,8,14,9,23
Albany,Menands Vg PD,2016,11,0,11,3,5,8,14,5,19
Albany,Menands Vg PD,2017,11,4,15,3,5,8,14,9,23
Albany,Menands Vg PD,2018,11,4,15,3,6,9,14,10,24
Albany,Menands Vg PD,2019,11,5,16,3,7,10,14,12,26
Albany,Menands Vg PD,2020,11,4,15,3,7,10,14,11,25
Albany,Menands Vg PD,2021,13,6,19,3,8,11,16,14,30
Albany,Menands Vg PD,2022,13,5,18,3,8,11,16,13,29
Albany,Menands Vg PD,2023,15,3,18,2,5,7,17,8,25
Albany,SUNY Police - Albany,2007,37,0,37,32,0,32,69,0,69
Albany,SUNY Police - Albany,2009,40,0,40,30,0,30,70,0,70
Albany,SUNY Police - Albany,2010,42,0,42,24,0,24,66,0,66
Albany,SUNY Police - Albany,2011,43,0,43,25,0,25,68,0,68
Albany,SUNY Police - Albany,2012,40,0,40,23,0,23,63,0,63
Albany,SUNY Police - Albany,2013,40,0,40,21,0,21,61,0,61
Albany,SUNY Police - Albany,2014,37,0,37,19,0,19,56,0,56
Albany,SUNY Police - Albany,2015,38,0,38,21,0,21,59,0,59
Albany,SUNY Police - Albany,2016,39,0,39,19,0,19,58,0,58
Albany,SUNY Police - Albany,2017,37,0,37,22,0,22,59,0,59
Albany,SUNY Police - Albany,2018,40,0,40,19,0,19,59,0,59
Albany,SUNY Police - Albany,2019,40,0,40,21,0,21,61,0,61
Albany,SUNY Police - Albany,2020,37,0,37,19,0,19,56,0,56
Albany,SUNY Police - Albany,2021,35,0,35,19,0,19,54,0,54
Albany,SUNY Police - Albany,2022,36,0,36,19,0,19,55,0,55
Albany,SUNY Police - Albany,2023,38,0,38,17,0,17,55,0,55
Albany,SUNY Police - Nanoscale Science and Engineering,2016,11,0,11,0,0,0,11,0,11
Albany,SUNY Police - Nanoscale Science and Engineering,2017,5,0,5,0,0,0,5,0,5
Albany,SUNY Police - Nanoscale Science and Engineering,2018,6,0,6,0,0,0,6,0,6
Albany,SUNY Police - Nanoscale Science and Engineering,2019,4,0,4,0,0,0,4,0,4
Albany,SUNY Police - Nanoscale Science and Engineering,2020,4,0,4,0,0,0,4,0,4
Albany,Watervliet City PD,2007,26,0,26,4,0,4,30,0,30
Albany,Watervliet City PD,2008,26,0,26,3,0,3,29,0,29
Albany,Watervliet City PD,2009,26,0,26,4,5,9,30,5,35
Albany,Watervliet City PD,2010,26,0,26,4,5,9,30,5,35
Albany,Watervliet City PD,2011,26,0,26,3,4,7,29,4,33
Albany,Watervliet City PD,2012,26,0,26,1,3,4,27,3,30
Albany,Watervliet City PD,2013,25,0,25,1,3,4,26,3,29
Albany,Watervliet City PD,2014,24,0,24,1,1,2,25,1,26
Albany,Watervliet City PD,2015,23,0,23,1,3,4,24,3,27
Albany,Watervliet City PD,2016,24,0,24,0,1,1,24,1,25
Albany,Watervliet City PD,2017,24,0,24,1,0,1,25,0,25
Albany,Watervliet City PD,2018,22,0,22,1,0,1,23,0,23
Albany,Watervliet City PD,2019,23,0,23,1,0,1,24,0,24
Albany,Watervliet City PD,2020,22,0,22,1,0,1,23,0,23
Albany,Watervliet City PD,2021,25,0,25,0,0,0,25,0,25
Albany,Watervliet City PD,2022,26,0,26,2,0,2,28,0,28
Albany,Watervliet City PD,2023,23,0,23,1,0,1,24,0,24
Allegany,Alfred Vg PD,2007,6,9,15,0,0,0,6,9,15
Allegany,Alfred Vg PD,2008,6,9,15,0,0,0,6,9,15
Allegany,Alfred Vg PD,2009,6,8,14,0,0,0,6,8,14
Allegany,Alfred Vg PD,2010,6,8,14,0,0,0,6,8,14
Allegany,Alfred Vg PD,2011,6,7,13,0,0,0,6,7,13
Allegany,Alfred Vg PD,2012,6,8,14,0,0,0,6,8,14
Allegany,Alfred Vg PD,2013,6,9,15,0,0,0,6,9,15
Allegany,Alfred Vg PD,2014,5,8,13,0,0,0,5,8,13
Allegany,Alfred Vg PD,2015,5,9,14,0,0,0,5,9,14
Allegany,Alfred Vg PD,2016,5,10,15,0,0,0,5,10,15
Allegany,Alfred Vg PD,2017,5,10,15,0,0,0,5,10,15
Allegany,Alfred Vg PD,2018,5,10,15,0,0,0,5,10,15
Allegany,Alfred Vg PD,2019,5,10,15,0,0,0,5,10,15
Allegany,Alfred Vg PD,2020,5,10,15,0,0,0,5,10,15
Allegany,Alfred Vg PD,2021,5,8,13,0,0,0,5,8,13
Allegany,Alfred Vg PD,2022,5,9,14,0,0,0,5,9,14
Allegany,Alfred Vg PD,2023,5,6,11,0,0,0,5,6,11
Allegany,Allegany County Sheriff,2008,36,0,36,10,19,29,46,19,65
Allegany,Allegany County Sheriff,2009,35,0,35,15,13,28,50,13,63
Allegany,Allegany County Sheriff,2010,28,0,28,19,12,31,47,12,59
Allegany,Allegany County Sheriff,2011,25,0,25,19,16,35,44,16,60
Allegany,Allegany County Sheriff,2012,26,0,26,19,15,34,45,15,60
Allegany,Allegany County Sheriff,2013,27,0,27,19,17,36,46,17,63
Allegany,Allegany County Sheriff,2014,28,0,28,19,22,41,47,22,69
Allegany,Allegany County Sheriff,2015,28,0,28,7,5,12,35,5,40
Allegany,Allegany County Sheriff,2016,26,0,26,19,20,39,45,20,65
Allegany,Allegany County Sheriff,2017,19,0,19,27,13,40,46,13,59
Allegany,Allegany County Sheriff,2018,11,1,12,23,17,40,34,18,52
Allegany,Allegany County Sheriff,2020,13,0,13,23,13,36,36,13,49
Allegany,Allegany County Sheriff,2021,13,0,13,22,17,39,35,17,52
Allegany,Allegany County Sheriff,2022,23,0,23,21,12,33,44,12,56
Allegany,Allegany County Sheriff,2023,23,2,25,8,3,11,31,5,36
Allegany,Andover Vg PD,2010,1,8,9,0,0,0,1,8,9
Allegany,Andover Vg PD,2014,1,9,10,0,0,0,1,9,10
Allegany,Andover Vg PD,2015,1,9,10,0,0,0,1,9,10
Allegany,Andover Vg PD,2016,0,9,9,0,0,0,0,9,9
Allegany,Andover Vg PD,2017,1,9,10,0,0,0,1,9,10
Allegany,Andover Vg PD,2021,1,6,7,0,0,0,1,6,7
Allegany,Andover Vg PD,2022,1,7,8,0,0,0,1,7,8
Allegany,Andover Vg PD,2023,1,7,8,0,0,0,1,7,8
Allegany,Angelica Vg PD,2010,0,8,8,0,0,0,0,8,8
Allegany,Angelica Vg PD,2012,0,5,5,0,0,0,0,5,5
Allegany,Angelica Vg PD,2013,0,5,5,0,0,0,0,5,5
Allegany,Angelica Vg PD,2014,0,6,6,0,0,0,0,6,6
Allegany,Angelica Vg PD,2015,0,6,6,0,0,0,0,6,6
Allegany,Angelica Vg PD,2016,0,6,6,0,0,0,0,6,6
Allegany,Angelica Vg PD,2017,0,6,6,0,0,0,0,6,6
Allegany,Angelica Vg PD,2018,0,6,6,0,0,0,0,6,6
Allegany,Angelica Vg PD,2019,0,6,6,0,0,0,0,6,6
Allegany,Angelica Vg PD,2020,0,6,6,0,0,0,0,6,6
Allegany,Angelica Vg PD,2021,0,7,7,0,0,0,0,7,7
Allegany,Angelica Vg PD,2022,0,5,5,0,0,0,0,5,5
Allegany,Angelica Vg PD,2023,0,5,5,0,0,0,0,5,5
Allegany,Belmont Vg PD,2007,1,5,6,0,0,0,1,5,6
Allegany,Belmont Vg PD,2008,1,4,5,0,0,0,1,4,5
Allegany,Belmont Vg PD,2009,1,3,4,0,0,0,1,3,4
Allegany,Belmont Vg PD,2010,1,5,6,0,0,0,1,5,6
Allegany,Belmont Vg PD,2011,1,5,6,0,0,0,1,5,6
Allegany,Belmont Vg PD,2012,1,5,6,0,0,0,1,5,6
Allegany,Belmont Vg PD,2013,1,5,6,0,0,0,1,5,6
Allegany,Belmont Vg PD,2014,1,4,5,0,0,0,1,4,5
Allegany,Belmont Vg PD,2015,1,4,5,0,0,0,1,4,5
Allegany,Belmont Vg PD,2016,1,4,5,0,0,0,1,4,5
Allegany,Belmont Vg PD,2017,1,3,4,0,0,0,1,3,4
Allegany,Belmont Vg PD,2018,1,4,5,0,0,0,1,4,5
Allegany,Belmont Vg PD,2019,1,5,6,0,0,0,1,5,6
Allegany,Belmont Vg PD,2021,0,8,8,0,0,0,0,8,8
Allegany,Belmont Vg PD,2022,0,9,9,0,0,0,0,9,9
Allegany,Belmont Vg PD,2023,0,7,7,0,0,0,0,7,7
Allegany,Bolivar Vg PD,2007,1,6,7,0,0,0,1,6,7
Allegany,Bolivar Vg PD,2008,1,7,8,0,0,0,1,7,8
Allegany,Bolivar Vg PD,2009,1,7,8,0,0,0,1,7,8
Allegany,Bolivar Vg PD,2010,1,9,10,0,0,0,1,9,10
Allegany,Bolivar Vg PD,2011,1,7,8,0,0,0,1,7,8
Allegany,Bolivar Vg PD,2012,1,7,8,0,0,0,1,7,8
Allegany,Bolivar Vg PD,2013,1,6,7,0,0,0,1,6,7
Allegany,Bolivar Vg PD,2014,1,7,8,0,0,0,1,7,8
Allegany,Bolivar Vg PD,2016,1,6,7,0,0,0,1,6,7
Allegany,Bolivar Vg PD,2018,1,6,7,0,0,0,1,6,7
Allegany,Bolivar Vg PD,2019,1,6,7,0,0,0,1,6,7
Allegany,Bolivar Vg PD,2020,1,6,7,0,0,0,1,6,7
Allegany,Bolivar Vg PD,2022,1,4,5,0,0,0,1,4,5
Allegany,Bolivar Vg PD,2023,0,3,3,0,0,0,0,3,3
Allegany,Cuba Town PD,2007,4,14,18,0,0,0,4,14,18
Allegany,Cuba Town PD,2009,4,11,15,0,0,0,4,11,15
Allegany,Cuba Town PD,2010,4,11,15,0,0,0,4,11,15
Allegany,Cuba Town PD,2011,4,10,14,0,0,0,4,10,14
Allegany,Cuba Town PD,2012,4,11,15,0,0,0,4,11,15
Allegany,Cuba Town PD,2013,4,11,15,0,1,1,4,12,16
Allegany,Cuba Town PD,2014,4,14,18,0,1,1,4,15,19
Allegany,Cuba Town PD,2015,4,10,14,0,1,1,4,11,15
Allegany,Cuba Town PD,2016,4,10,14,0,1,1,4,11,15
Allegany,Cuba Town PD,2017,4,9,13,0,0,0,4,9,13
Allegany,Cuba Town PD,2018,4,13,17,0,0,0,4,13,17
Allegany,Cuba Town PD,2019,5,11,16,0,0,0,5,11,16
Allegany,Cuba Town PD,2020,5,13,18,0,0,0,5,13,18
Allegany,Cuba Town PD,2021,5,11,16,0,0,0,5,11,16
Allegany,Cuba Town PD,2022,6,11,17,0,0,0,6,11,17
Allegany,Cuba Town PD,2023,6,11,17,0,0,0,6,11,17
Allegany,Friendship Town PD,2007,0,4,4,0,0,0,0,4,4
Allegany,Friendship Town PD,2008,0,5,5,0,0,0,0,5,5
Allegany,Friendship Town PD,2009,0,6,6,0,0,0,0,6,6
Allegany,Friendship Town PD,2010,0,6,6,0,0,0,0,6,6
Allegany,Friendship Town PD,2011,0,7,7,0,0,0,0,7,7
Allegany,Friendship Town PD,2012,0,8,8,0,0,0,0,8,8
Allegany,Friendship Town PD,2013,0,7,7,0,0,0,0,7,7
Allegany,Friendship Town PD,2014,0,9,9,0,0,0,0,9,9
Allegany,Friendship Town PD,2015,0,8,8,0,0,0,0,8,8
Allegany,Friendship Town PD,2016,0,6,6,0,0,0,0,6,6
Allegany,Friendship Town PD,2017,0,7,7,0,0,0,0,7,7
Allegany,Friendship Town PD,2018,0,6,6,0,0,0,0,6,6
Allegany,Friendship Town PD,2019,0,6,6,0,0,0,0,6,6
Allegany,Friendship Town PD,2020,0,5,5,0,0,0,0,5,5
Allegany,Friendship Town PD,2021,0,7,7,0,0,0,0,7,7
Allegany,Friendship Town PD,2022,0,5,5,0,0,0,0,5,5
Allegany,Friendship Town PD,2023,0,6,6,0,0,0,0,6,6
Allegany,Independence Town PD,2007,0,3,3,0,0,0,0,3,3
Allegany,Independence Town PD,2008,0,1,1,0,0,0,0,1,1
Allegany,Independence Town PD,2009,0,1,1,0,0,0,0,1,1
Allegany,Independence Town PD,2010,0,1,1,0,0,0,0,1,1
Allegany,Independence Town PD,2011,0,1,1,0,1,1,0,2,2
Allegany,Independence Town PD,2012,0,1,1,0,1,1,0,2,2
Allegany,Independence Town PD,2013,0,1,1,0,5,5,0,6,6
Allegany,Independence Town PD,2014,0,2,2,0,5,5,0,7,7
Allegany,Independence Town PD,2015,0,1,1,0,5,5,0,6,6
Allegany,Independence Town PD,2016,0,2,2,0,3,3,0,5,5
Allegany,Independence Town PD,2017,0,1,1,0,2,2,0,3,3
Allegany,Independence Town PD,2018,0,1,1,0,4,4,0,5,5
Allegany,Independence Town PD,2019,0,1,1,0,4,4,0,5,5
Allegany,Independence Town PD,2020,0,1,1,0,3,3,0,4,4
Allegany,Independence Town PD,2021,0,1,1,0,3,3,0,4,4
Allegany,Independence Town PD,2022,0,2,2,0,3,3,0,5,5
Allegany,Independence Town PD,2023,0,2,2,0,3,3,0,5,5
Allegany,SUNY Police - Alfred,2007,10,0,10,5,0,5,15,0,15
Allegany,SUNY Police - Alfred,2008,12,0,12,5,0,5,17,0,17
Allegany,SUNY Police - Alfred,2009,10,0,10,5,0,5,15,0,15
Allegany,SUNY Police - Alfred,2010,10,0,10,5,0,5,15,0,15
Allegany,SUNY Police - Alfred,2011,11,0,11,5,0,5,16,0,16
Allegany,SUNY Police - Alfred,2012,12,0,12,5,0,5,17,0,17
Allegany,SUNY Police - Alfred,2013,12,0,12,5,0,5,17,0,17
Allegany,SUNY Police - Alfred,2014,11,0,11,5,0,5,16,0,16
Allegany,SUNY Police - Alfred,2015,10,0,10,5,0,5,15,0,15
Allegany,SUNY Police - Alfred,2016,10,0,10,5,0,5,15,0,15
Allegany,SUNY Police - Alfred,2017,11,0,11,5,0,5,16,0,16
Allegany,SUNY Police - Alfred,2018,11,0,11,5,0,5,16,0,16
Allegany,SUNY Police - Alfred,2019,12,0,12,5,0,5,17,0,17
Allegany,SUNY Police - Alfred,2020,10,0,10,5,0,5,15,0,15
Allegany,SUNY Police - Alfred,2021,13,0,13,5,0,5,18,0,18
Allegany,SUNY Police - Alfred,2022,11,0,11,5,0,5,16,0,16
Allegany,SUNY Police - Alfred,2023,11,0,11,4,0,4,15,0,15
Allegany,Wellsville Vg PD,2007,11,12,23,4,6,10,15,18,33
Allegany,Wellsville Vg PD,2008,11,13,24,4,5,9,15,18,33
Allegany,Wellsville Vg PD,2009,10,8,18,4,5,9,14,13,27
Allegany,Wellsville Vg PD,2010,10,10,20,2,6,8,12,16,28
Allegany,Wellsville Vg PD,2011,10,8,18,2,9,11,12,17,29
Allegany,Wellsville Vg PD,2012,10,10,20,2,8,10,12,18,30
Allegany,Wellsville Vg PD,2013,10,12,22,2,8,10,12,20,32
Allegany,Wellsville Vg PD,2014,10,10,20,1,8,9,11,18,29
Allegany,Wellsville Vg PD,2015,10,6,16,1,5,6,11,11,22
Allegany,Wellsville Vg PD,2016,10,7,17,1,5,6,11,12,23
Allegany,Wellsville Vg PD,2017,10,7,17,1,5,6,11,12,23
Allegany,Wellsville Vg PD,2018,11,5,16,1,5,6,12,10,22
Allegany,Wellsville Vg PD,2019,11,5,16,1,5,6,12,10,22
Allegany,Wellsville Vg PD,2020,11,7,18,1,5,6,12,12,24
Allegany,Wellsville Vg PD,2021,11,6,17,1,6,7,12,12,24
Allegany,Wellsville Vg PD,2022,11,5,16,1,5,6,12,10,22
Allegany,Wellsville Vg PD,2023,11,4,15,0,0,0,11,4,15
Allegany,Willing Town PD,2022,0,4,4,0,0,0,0,4,4
Allegany,Willing Town PD,2023,0,3,3,0,0,0,0,3,3
Broome,Binghamton City PD,2007,145,0,145,9,0,9,154,0,154
Broome,Binghamton City PD,2008,139,0,139,14,1,15,153,1,154
Broome,Binghamton City PD,2009,132,0,132,13,1,14,145,1,146
Broome,Binghamton City PD,2010,123,0,123,12,2,14,135,2,137
Broome,Binghamton City PD,2011,126,0,126,12,2,14,138,2,140
Broome,Binghamton City PD,2012,122,0,122,13,2,15,135,2,137
Broome,Binghamton City PD,2013,127,0,127,13,1,14,140,1,141
Broome,Binghamton City PD,2014,126,0,126,13,1,14,139,1,140
Broome,Binghamton City PD,2015,133,0,133,12,1,13,145,1,146
Broome,Binghamton City PD,2016,131,0,131,14,1,15,145,1,146
Broome,Binghamton City PD,2017,136,0,136,14,1,15,150,1,151
Broome,Binghamton City PD,2018,133,0,133,13,2,15,146,2,148
Broome,Binghamton City PD,2019,131,0,131,13,2,15,144,2,146
Broome,Binghamton City PD,2020,132,0,132,11,1,12,143,1,144
Broome,Binghamton City PD,2021,133,0,133,12,2,14,145,2,147
Broome,Binghamton City PD,2022,124,0,124,11,1,12,135,1,136
Broome,Binghamton City PD,2023,118,0,118,11,1,12,129,1,130
Broome,Broome County Sheriff,2007,54,0,54,18,0,18,72,0,72
Broome,Broome County Sheriff,2008,55,0,55,19,0,19,74,0,74
Broome,Broome County Sheriff,2009,54,0,54,17,0,17,71,0,71
Broome,Broome County Sheriff,2010,54,0,54,15,5,20,69,5,74
Broome,Broome County Sheriff,2011,51,0,51,15,1,16,66,1,67
Broome,Broome County Sheriff,2012,53,0,53,20,1,21,73,1,74
Broome,Broome County Sheriff,2013,53,0,53,16,1,17,69,1,70
Broome,Broome County Sheriff,2014,56,0,56,9,8,17,65,8,73
Broome,Broome County Sheriff,2015,56,0,56,9,9,18,65,9,74
Broome,Broome County Sheriff,2016,53,0,53,9,8,17,62,8,70
Broome,Broome County Sheriff,2017,56,0,56,9,4,13,65,4,69
Broome,Broome County Sheriff,2018,56,0,56,9,5,14,65,5,70
Broome,Broome County Sheriff,2019,50,0,50,9,7,16,59,7,66
Broome,Broome County Sheriff,2020,59,0,59,13,7,20,72,7,79
Broome,Broome County Sheriff,2021,60,0,60,13,7,20,73,7,80
Broome,Broome County Sheriff,2022,59,0,59,22,4,26,81,4,85
Broome,Broome County Sheriff,2023,64,0,64,14,4,18,78,4,82
Broome,Endicott Vg PD,2007,37,0,37,4,9,13,41,9,50
Broome,Endicott Vg PD,2008,35,0,35,4,9,13,39,9,48
Broome,Endicott Vg PD,2009,35,0,35,3,9,12,38,9,47
Broome,Endicott Vg PD,2010,35,0,35,3,7,10,38,7,45
Broome,Endicott Vg PD,2011,35,0,35,3,7,10,38,7,45
Broome,Endicott Vg PD,2012,35,0,35,3,6,9,38,6,44
Broome,Endicott Vg PD,2013,28,0,28,3,6,9,31,6,37
Broome,Endicott Vg PD,2014,28,0,28,3,6,9,31,6,37
Broome,Endicott Vg PD,2015,28,0,28,2,6,8,30,6,36
Broome,Endicott Vg PD,2016,28,0,28,2,6,8,30,6,36
Broome,Endicott Vg PD,2017,29,0,29,2,6,8,31,6,37
Broome,Endicott Vg PD,2018,29,0,29,1,4,5,30,4,34
Broome,Endicott Vg PD,2019,31,0,31,1,6,7,32,6,38
Broome,Endicott Vg PD,2020,31,0,31,2,6,8,33,6,39
Broome,Endicott Vg PD,2021,29,0,29,2,3,5,31,3,34
Broome,Endicott Vg PD,2022,32,0,32,2,4,6,34,4,38
Broome,Endicott Vg PD,2023,33,0,33,2,1,3,35,1,36
Broome,Johnson City Vg PD,2008,40,0,40,5,3,8,45,3,48
Broome,Johnson City Vg PD,2009,40,0,40,4,3,7,44,3,47
Broome,Johnson City Vg PD,2010,33,3,36,3,5,8,36,8,44
Broome,Johnson City Vg PD,2011,28,3,31,5,3,8,33,6,39
Broome,Johnson City Vg PD,2012,31,3,34,5,3,8,36,6,42
Broome,Johnson City Vg PD,2013,32,3,35,5,2,7,37,5,42
Broome,Johnson City Vg PD,2014,32,3,35,5,2,7,37,5,42
Broome,Johnson City Vg PD,2015,33,0,33,5,5,10,38,5,43
Broome,Johnson City Vg PD,2016,33,0,33,5,5,10,38,5,43
Broome,Johnson City Vg PD,2017,34,0,34,5,5,10,39,5,44
Broome,Johnson City Vg PD,2018,37,0,37,5,7,12,42,7,49
Broome,Johnson City Vg PD,2019,38,0,38,5,7,12,43,7,50
Broome,Johnson City Vg PD,2020,40,0,40,5,6,11,45,6,51
Broome,Johnson City Vg PD,2021,39,0,39,4,7,11,43,7,50
Broome,Johnson City Vg PD,2022,41,0,41,4,8,12,45,8,53
Broome,Johnson City Vg PD,2023,40,0,40,4,8,12,44,8,52
Broome,Port Dickinson Vg PD,2007,4,11,15,0,0,0,4,11,15
Broome,Port Dickinson Vg PD,2008,4,4,8,1,0,1,5,4,9
Broome,Port Dickinson Vg PD,2009,4,5,9,1,0,1,5,5,10
Broome,Port Dickinson Vg PD,2010,4,4,8,1,0,1,5,4,9
Broome,Port Dickinson Vg PD,2011,4,4,8,1,0,1,5,4,9
Broome,Port Dickinson Vg PD,2012,4,6,10,1,0,1,5,6,11
Broome,Port Dickinson Vg PD,2013,4,7,11,1,0,1,5,7,12
Broome,Port Dickinson Vg PD,2014,4,4,8,1,0,1,5,4,9
Broome,Port Dickinson Vg PD,2015,4,5,9,1,0,1,5,5,10
Broome,Port Dickinson Vg PD,2016,4,8,12,1,0,1,5,8,13
Broome,Port Dickinson Vg PD,2017,4,7,11,1,0,1,5,7,12
Broome,Port Dickinson Vg PD,2018,4,6,10,1,0,1,5,6,11
Broome,Port Dickinson Vg PD,2019,4,6,10,1,0,1,5,6,11
Broome,Port Dickinson Vg PD,2020,4,7,11,1,0,1,5,7,12
Broome,Port Dickinson Vg PD,2021,4,7,11,1,0,1,5,7,12
Broome,Port Dickinson Vg PD,2022,4,6,10,1,0,1,5,6,11
Broome,Port Dickinson Vg PD,2023,4,8,12,0,0,0,4,8,12
Broome,SUNY Police - Binghamton,2007,30,0,30,0,0,0,30,0,30
Broome,SUNY Police - Binghamton,2008,32,0,32,11,1,12,43,1,44
Broome,SUNY Police - Binghamton,2009,36,0,36,13,2,15,49,2,51
Broome,SUNY Police - Binghamton,2010,33,0,33,13,2,15,46,2,48
Broome,SUNY Police - Binghamton,2011,28,0,28,11,1,12,39,1,40
Broome,SUNY Police - Binghamton,2012,31,0,31,12,1,13,43,1,44
Broome,SUNY Police - Binghamton,2013,31,0,31,14,2,16,45,2,47
Broome,SUNY Police - Binghamton,2014,33,0,33,13,3,16,46,3,49
Broome,SUNY Police - Binghamton,2015,33,0,33,17,5,22,50,5,55
Broome,SUNY Police - Binghamton,2016,32,0,32,16,3,19,48,3,51
Broome,SUNY Police - Binghamton,2017,39,0,39,15,1,16,54,1,55
Broome,SUNY Police - Binghamton,2018,42,0,42,15,3,18,57,3,60
Broome,SUNY Police - Binghamton,2019,39,0,39,19,2,21,58,2,60
Broome,SUNY Police - Binghamton,2020,41,0,41,20,2,22,61,2,63
Broome,SUNY Police - Binghamton,2021,36,0,36,20,1,21,56,1,57
Broome,SUNY Police - Binghamton,2022,35,0,35,17,1,18,52,1,53
Broome,SUNY Police - Binghamton,2023,33,0,33,12,1,13,45,1,46
Broome,Vestal Town PD,2007,37,0,37,4,0,4,41,0,41
Broome,Vestal Town PD,2008,38,0,38,4,0,4,42,0,42
Broome,Vestal Town PD,2009,37,0,37,4,1,5,41,1,42
Broome,Vestal Town PD,2010,37,0,37,4,1,5,41,1,42
Broome,Vestal Town PD,2011,35,0,35,4,1,5,39,1,40
Broome,Vestal Town PD,2012,33,0,33,4,1,5,37,1,38
Broome,Vestal Town PD,2013,33,0,33,3,1,4,36,1,37
Broome,Vestal Town PD,2014,32,0,32,4,0,4,36,0,36
Broome,Vestal Town PD,2015,33,0,33,3,1,4,36,1,37
Broome,Vestal Town PD,2016,34,0,34,3,0,3,37,0,37
Broome,Vestal Town PD,2017,34,0,34,3,0,3,37,0,37
Broome,Vestal Town PD,2018,35,0,35,3,0,3,38,0,38
Broome,Vestal Town PD,2019,39,0,39,3,0,3,42,0,42
Broome,Vestal Town PD,2020,38,0,38,3,0,3,41,0,41
Broome,Vestal Town PD,2021,39,1,40,4,0,4,43,1,44
Broome,Vestal Town PD,2022,40,2,42,4,0,4,44,2,46
Broome,Vestal Town PD,2023,41,1,42,4,0,4,45,1,46
Cattaraugus,Allegany Vg PD,2007,2,12,14,0,0,0,2,12,14
Cattaraugus,Allegany Vg PD,2008,2,11,13,1,0,1,3,11,14
Cattaraugus,Allegany Vg PD,2009,2,11,13,1,0,1,3,11,14
Cattaraugus,Allegany Vg PD,2010,2,11,13,1,0,1,3,11,14
Cattaraugus,Allegany Vg PD,2011,2,11,13,1,0,1,3,11,14
Cattaraugus,Allegany Vg PD,2012,2,10,12,1,0,1,3,10,13
Cattaraugus,Allegany Vg PD,2013,2,10,12,0,1,1,2,11,13
Cattaraugus,Allegany Vg PD,2014,2,10,12,0,1,1,2,11,13
Cattaraugus,Allegany Vg PD,2015,2,11,13,1,0,1,3,11,14
Cattaraugus,Allegany Vg PD,2016,2,13,15,1,0,1,3,13,16
Cattaraugus,Allegany Vg PD,2017,1,15,16,0,0,0,1,15,16
Cattaraugus,Allegany Vg PD,2018,2,12,14,0,1,1,2,13,15
Cattaraugus,Allegany Vg PD,2019,3,13,16,0,1,1,3,14,17
Cattaraugus,Allegany Vg PD,2020,3,14,17,0,0,0,3,14,17
Cattaraugus,Allegany Vg PD,2021,3,15,18,0,0,0,3,15,18
Cattaraugus,Allegany Vg PD,2022,3,13,16,0,0,0,3,13,16
Cattaraugus,Allegany Vg PD,2023,3,13,16,0,0,0,3,13,16
Cattaraugus,Cattaraugus County Sheriff,2007,57,43,100,19,5,24,76,48,124
Cattaraugus,Cattaraugus County Sheriff,2008,65,37,102,22,13,35,87,50,137
Cattaraugus,Cattaraugus County Sheriff,2009,64,37,101,22,13,35,86,50,136
Cattaraugus,Cattaraugus County Sheriff,2010,65,37,102,23,12,35,88,49,137
Cattaraugus,Cattaraugus County Sheriff,2011,64,39,103,22,13,35,86,52,138
Cattaraugus,Cattaraugus County Sheriff,2012,68,39,107,22,8,30,90,47,137
Cattaraugus,Cattaraugus County Sheriff,2013,68,44,112,22,13,35,90,57,147
Cattaraugus,Cattaraugus County Sheriff,2014,69,44,113,24,11,35,93,55,148
Cattaraugus,Cattaraugus County Sheriff,2015,70,45,115,23,14,37,93,59,152
Cattaraugus,Cattaraugus County Sheriff,2016,57,35,92,24,9,33,81,44,125
Cattaraugus,Cattaraugus County Sheriff,2017,48,34,82,26,8,34,74,42,116
Cattaraugus,Cattaraugus County Sheriff,2018,50,29,79,26,7,33,76,36,112
Cattaraugus,Cattaraugus County Sheriff,2019,50,31,81,26,8,34,76,39,115
Cattaraugus,Cattaraugus County Sheriff,2020,51,33,84,25,8,33,76,41,117
Cattaraugus,Cattaraugus County Sheriff,2021,52,27,79,26,10,36,78,37,115
Cattaraugus,Cattaraugus County Sheriff,2022,54,24,78,27,9,36,81,33,114
Cattaraugus,Cattaraugus County Sheriff,2023,57,29,86,22,10,32,79,39,118
Cattaraugus,Cattaraugus Vg PD,2007,0,3,3,0,0,0,0,3,3
Cattaraugus,Cattaraugus Vg PD,2008,0,5,5,0,0,0,0,5,5
Cattaraugus,Cattaraugus Vg PD,2009,0,3,3,0,0,0,0,3,3
Cattaraugus,Cattaraugus Vg PD,2010,0,5,5,0,0,0,0,5,5
Cattaraugus,Cattaraugus Vg PD,2011,0,4,4,0,0,0,0,4,4
Cattaraugus,Cattaraugus Vg PD,2012,0,6,6,0,0,0,0,6,6
Cattaraugus,Cattaraugus Vg PD,2013,0,7,7,0,0,0,0,7,7
Cattaraugus,Cattaraugus Vg PD,2014,0,6,6,0,0,0,0,6,6
Cattaraugus,Cattaraugus Vg PD,2015,0,4,4,0,0,0,0,4,4
Cattaraugus,Cattaraugus Vg PD,2016,0,2,2,0,0,0,0,2,2
Cattaraugus,Cattaraugus Vg PD,2017,0,4,4,0,0,0,0,4,4
Cattaraugus,Cattaraugus Vg PD,2018,0,4,4,0,0,0,0,4,4
Cattaraugus,Cattaraugus Vg PD,2019,0,3,3,0,0,0,0,3,3
Cattaraugus,Cattaraugus Vg PD,2020,0,4,4,0,0,0,0,4,4
Cattaraugus,Cattaraugus Vg PD,2021,0,2,2,0,0,0,0,2,2
Cattaraugus,Cattaraugus Vg PD,2022,0,4,4,0,0,0,0,4,4
Cattaraugus,Cattaraugus Vg PD,2023,0,3,3,0,0,0,0,3,3
Cattaraugus,Ellicottville Town PD,2007,3,6,9,0,1,1,3,7,10
Cattaraugus,Ellicottville Town PD,2008,2,6,8,0,0,0,2,6,8
Cattaraugus,Ellicottville Town PD,2009,2,5,7,0,0,0,2,5,7
Cattaraugus,Ellicottville Town PD,2010,2,6,8,0,0,0,2,6,8
Cattaraugus,Ellicottville Town PD,2011,2,7,9,0,0,0,2,7,9
Cattaraugus,Ellicottville Town PD,2012,3,12,15,0,0,0,3,12,15
Cattaraugus,Ellicottville Town PD,2013,3,13,16,0,0,0,3,13,16
Cattaraugus,Ellicottville Town PD,2014,4,11,15,0,1,1,4,12,16
Cattaraugus,Ellicottville Town PD,2015,4,12,16,0,1,1,4,13,17
Cattaraugus,Ellicottville Town PD,2016,3,12,15,0,2,2,3,14,17
Cattaraugus,Ellicottville Town PD,2017,3,13,16,0,2,2,3,15,18
Cattaraugus,Ellicottville Town PD,2018,3,13,16,0,2,2,3,15,18
Cattaraugus,Ellicottville Town PD,2019,4,11,15,0,0,0,4,11,15
Cattaraugus,Ellicottville Town PD,2020,4,9,13,0,2,2,4,11,15
Cattaraugus,Ellicottville Town PD,2021,4,10,14,0,2,2,4,12,16
Cattaraugus,Ellicottville Town PD,2022,5,9,14,0,0,0,5,9,14
Cattaraugus,Ellicottville Town PD,2023,5,7,12,0,2,2,5,9,14
Cattaraugus,Franklinville Vg PD,2007,2,7,9,0,1,1,2,8,10
Cattaraugus,Franklinville Vg PD,2008,2,10,12,0,1,1,2,11,13
Cattaraugus,Franklinville Vg PD,2009,2,10,12,0,1,1,2,11,13
Cattaraugus,Franklinville Vg PD,2010,2,10,12,0,1,1,2,11,13
Cattaraugus,Franklinville Vg PD,2011,2,10,12,0,1,1,2,11,13
Cattaraugus,Franklinville Vg PD,2012,2,9,11,0,1,1,2,10,12
Cattaraugus,Franklinville Vg PD,2013,2,8,10,0,1,1,2,9,11
Cattaraugus,Franklinville Vg PD,2014,2,6,8,0,2,2,2,8,10
Cattaraugus,Franklinville Vg PD,2015,2,6,8,0,2,2,2,8,10
Cattaraugus,Franklinville Vg PD,2016,2,7,9,0,1,1,2,8,10
Cattaraugus,Franklinville Vg PD,2022,3,7,10,0,0,0,3,7,10
Cattaraugus,Franklinville Vg PD,2023,3,7,10,0,0,0,3,7,10
Cattaraugus,Olean City PD,2007,32,0,32,1,12,13,33,12,45
Cattaraugus,Olean City PD,2008,32,0,32,6,6,12,38,6,44
Cattaraugus,Olean City PD,2009,33,0,33,6,4,10,39,4,43
Cattaraugus,Olean City PD,2010,34,0,34,1,0,1,35,0,35
Cattaraugus,Olean City PD,2011,34,3,37,7,9,16,41,12,53
Cattaraugus,Olean City PD,2013,34,3,37,6,7,13,40,10,50
Cattaraugus,Olean City PD,2014,34,0,34,6,3,9,40,3,43
Cattaraugus,Olean City PD,2015,34,0,34,6,3,9,40,3,43
Cattaraugus,Olean City PD,2016,34,0,34,6,4,10,40,4,44
Cattaraugus,Olean City PD,2017,34,4,38,5,5,10,39,9,48
Cattaraugus,Olean City PD,2018,34,7,41,6,5,11,40,12,52
Cattaraugus,Olean City PD,2019,34,7,41,6,2,8,40,9,49
Cattaraugus,Olean City PD,2020,34,7,41,7,2,9,41,9,50
Cattaraugus,Olean City PD,2021,31,5,36,6,4,10,37,9,46
Cattaraugus,Olean City PD,2022,35,1,36,6,2,8,41,3,44
Cattaraugus,Olean City PD,2023,35,9,44,6,6,12,41,15,56
Cattaraugus,Portville Vg PD,2007,1,5,6,0,1,1,1,6,7
Cattaraugus,Portville Vg PD,2009,0,8,8,0,0,0,0,8,8
Cattaraugus,Portville Vg PD,2010,0,6,6,0,0,0,0,6,6
Cattaraugus,Portville Vg PD,2011,0,8,8,0,0,0,0,8,8
Cattaraugus,Portville Vg PD,2012,0,7,7,0,0,0,0,7,7
Cattaraugus,Portville Vg PD,2013,0,11,11,0,0,0,0,11,11
Cattaraugus,Portville Vg PD,2014,0,8,8,0,0,0,0,8,8
Cattaraugus,Portville Vg PD,2016,0,7,7,0,0,0,0,7,7
Cattaraugus,Portville Vg PD,2017,0,7,7,0,0,0,0,7,7
Cattaraugus,Portville Vg PD,2018,0,8,8,0,0,0,0,8,8
Cattaraugus,Portville Vg PD,2019,0,6,6,0,0,0,0,6,6
Cattaraugus,Portville Vg PD,2020,1,6,7,0,0,0,1,6,7
Cattaraugus,Portville Vg PD,2021,1,6,7,0,0,0,1,6,7
Cattaraugus,Portville Vg PD,2022,1,5,6,0,0,0,1,5,6
Cattaraugus,Portville Vg PD,2023,1,6,7,0,0,0,1,6,7
Cattaraugus,Salamanca City PD,2010,15,0,15,0,0,0,15,0,15
Cattaraugus,Salamanca City PD,2011,15,3,18,0,0,0,15,3,18
Cattaraugus,Salamanca City PD,2012,16,4,20,0,0,0,16,4,20
Cattaraugus,Salamanca City PD,2014,13,3,16,0,2,2,13,5,18
Cattaraugus,Salamanca City PD,2015,17,3,20,0,2,2,17,5,22
Cattaraugus,Salamanca City PD,2016,17,6,23,0,2,2,17,8,25
Cattaraugus,Salamanca City PD,2017,17,7,24,0,2,2,17,9,26
Cattaraugus,Salamanca City PD,2018,15,5,20,0,0,0,15,5,20
Cattaraugus,Salamanca City PD,2019,15,6,21,0,0,0,15,6,21
Cattaraugus,Salamanca City PD,2020,18,6,24,0,0,0,18,6,24
Cattaraugus,Salamanca City PD,2021,18,4,22,0,0,0,18,4,22
Cattaraugus,Salamanca City PD,2022,16,6,22,0,0,0,16,6,22
Cattaraugus,Salamanca City PD,2023,14,8,22,2,3,5,16,11,27
Cayuga,Auburn City PD,2007,69,0,69,8,3,11,77,3,80
Cayuga,Auburn City PD,2008,70,0,70,8,9,17,78,9,87
Cayuga,Auburn City PD,2009,69,0,69,8,3,11,77,3,80
Cayuga,Auburn City PD,2010,68,0,68,8,3,11,76,3,79
Cayuga,Auburn City PD,2011,68,0,68,6,8,14,74,8,82
Cayuga,Auburn City PD,2012,62,0,62,5,2,7,67,2,69
Cayuga,Auburn City PD,2013,66,0,66,5,10,15,71,10,81
Cayuga,Auburn City PD,2014,67,0,67,4,22,26,71,22,93
Cayuga,Auburn City PD,2015,66,0,66,5,21,26,71,21,92
Cayuga,Auburn City PD,2016,66,0,66,5,13,18,71,13,84
Cayuga,Auburn City PD,2017,66,0,66,6,18,24,72,18,90
Cayuga,Auburn City PD,2018,64,0,64,6,20,26,70,20,90
Cayuga,Auburn City PD,2019,56,0,56,5,20,25,61,20,81
Cayuga,Auburn City PD,2020,61,0,61,6,19,25,67,19,86
Cayuga,Auburn City PD,2021,65,4,69,6,19,25,71,23,94
Cayuga,Auburn City PD,2022,63,0,63,11,17,28,74,17,91
Cayuga,Auburn City PD,2023,62,0,62,6,17,23,68,17,85
Cayuga,Cayuga County Sheriff,2007,41,0,41,7,1,8,48,1,49
Cayuga,Cayuga County Sheriff,2008,37,0,37,4,0,4,41,0,41
Cayuga,Cayuga County Sheriff,2009,37,0,37,6,0,6,43,0,43
Cayuga,Cayuga County Sheriff,2010,36,0,36,9,0,9,45,0,45
Cayuga,Cayuga County Sheriff,2011,39,0,39,4,0,4,43,0,43
Cayuga,Cayuga County Sheriff,2012,39,0,39,4,0,4,43,0,43
Cayuga,Cayuga County Sheriff,2013,39,0,39,4,0,4,43,0,43
Cayuga,Cayuga County Sheriff,2014,35,0,35,4,0,4,39,0,39
Cayuga,Cayuga County Sheriff,2015,35,0,35,4,0,4,39,0,39
Cayuga,Cayuga County Sheriff,2016,33,0,33,4,0,4,37,0,37
Cayuga,Cayuga County Sheriff,2017,32,0,32,4,0,4,36,0,36
Cayuga,Cayuga County Sheriff,2018,31,0,31,4,0,4,35,0,35
Cayuga,Cayuga County Sheriff,2019,29,0,29,7,1,8,36,1,37
Cayuga,Cayuga County Sheriff,2020,28,0,28,8,1,9,36,1,37
Cayuga,Cayuga County Sheriff,2021,32,0,32,7,7,14,39,7,46
Cayuga,Cayuga County Sheriff,2022,34,0,34,7,0,7,41,0,41
Cayuga,Cayuga County Sheriff,2023,35,0,35,7,0,7,42,0,42
Cayuga,Moravia Vg PD,2007,0,9,9,0,0,0,0,9,9
Cayuga,Moravia Vg PD,2008,0,9,9,0,0,0,0,9,9
Cayuga,Moravia Vg PD,2009,0,7,7,0,0,0,0,7,7
Cayuga,Moravia Vg PD,2010,0,7,7,0,0,0,0,7,7
Cayuga,Moravia Vg PD,2011,0,10,10,0,0,0,0,10,10
Cayuga,Moravia Vg PD,2012,0,10,10,0,0,0,0,10,10
Cayuga,Moravia Vg PD,2013,0,9,9,0,0,0,0,9,9
Cayuga,Moravia Vg PD,2014,0,11,11,0,0,0,0,11,11
Cayuga,Moravia Vg PD,2015,0,12,12,0,0,0,0,12,12
Cayuga,Moravia Vg PD,2016,0,10,10,0,0,0,0,10,10
Cayuga,Moravia Vg PD,2017,0,7,7,0,0,0,0,7,7
Cayuga,Moravia Vg PD,2018,0,8,8,0,0,0,0,8,8
Cayuga,Moravia Vg PD,2019,0,8,8,0,0,0,0,8,8
Cayuga,Moravia Vg PD,2020,0,9,9,0,2,2,0,11,11
Cayuga,Moravia Vg PD,2021,0,9,9,0,3,3,0,12,12
Cayuga,Moravia Vg PD,2022,0,9,9,0,3,3,0,12,12
Cayuga,Moravia Vg PD,2023,0,8,8,0,0,0,0,8,8
Cayuga,Port Byron Vg PD,2007,0,6,6,0,0,0,0,6,6
Cayuga,Port Byron Vg PD,2008,0,6,6,0,0,0,0,6,6
Cayuga,Port Byron Vg PD,2009,0,7,7,0,0,0,0,7,7
Cayuga,Port Byron Vg PD,2010,0,7,7,0,0,0,0,7,7
Cayuga,Port Byron Vg PD,2011,0,6,6,0,0,0,0,6,6
Cayuga,Port Byron Vg PD,2012,0,7,7,0,0,0,0,7,7
Cayuga,Port Byron Vg PD,2013,0,7,7,0,0,0,0,7,7
Cayuga,Port Byron Vg PD,2014,0,5,5,0,0,0,0,5,5
Cayuga,Port Byron Vg PD,2015,0,6,6,0,0,0,0,6,6
Cayuga,Port Byron Vg PD,2016,0,6,6,0,0,0,0,6,6
Cayuga,Port Byron Vg PD,2017,0,7,7,0,0,0,0,7,7
Cayuga,Port Byron Vg PD,2019,0,8,8,0,0,0,0,8,8
Cayuga,Port Byron Vg PD,2020,0,7,7,0,0,0,0,7,7
Cayuga,Port Byron Vg PD,2021,0,7,7,0,0,0,0,7,7
Cayuga,Port Byron Vg PD,2022,0,6,6,0,0,0,0,6,6
Cayuga,Port Byron Vg PD,2023,0,5,5,0,0,0,0,5,5
Cayuga,Weedsport Vg PD,2007,0,5,5,0,0,0,0,5,5
Cayuga,Weedsport Vg PD,2008,0,6,6,0,0,0,0,6,6
Cayuga,Weedsport Vg PD,2009,0,5,5,0,0,0,0,5,5
Cayuga,Weedsport Vg PD,2010,0,8,8,0,0,0,0,8,8
Cayuga,Weedsport Vg PD,2011,0,8,8,0,0,0,0,8,8
Cayuga,Weedsport Vg PD,2014,0,8,8,0,0,0,0,8,8
Cayuga,Weedsport Vg PD,2015,0,8,8,0,0,0,0,8,8
Cayuga,Weedsport Vg PD,2016,0,8,8,0,0,0,0,8,8
Cayuga,Weedsport Vg PD,2017,0,9,9,0,0,0,0,9,9
Cayuga,Weedsport Vg PD,2018,0,8,8,0,0,0,0,8,8
Cayuga,Weedsport Vg PD,2019,1,9,10,0,0,0,1,9,10
Cayuga,Weedsport Vg PD,2020,1,8,9,0,0,0,1,8,9
Cayuga,Weedsport Vg PD,2021,1,9,10,0,0,0,1,9,10
Cayuga,Weedsport Vg PD,2022,1,10,11,0,0,0,1,10,11
Cayuga,Weedsport Vg PD,2023,0,10,10,0,0,0,0,10,10
Chautauqua,Carroll Town PD,2007,0,5,5,0,2,2,0,7,7
Chautauqua,Carroll Town PD,2008,0,4,4,0,1,1,0,5,5
Chautauqua,Carroll Town PD,2009,0,4,4,0,1,1,0,5,5
Chautauqua,Carroll Town PD,2010,0,4,4,0,1,1,0,5,5
Chautauqua,Carroll Town PD,2011,0,4,4,0,1,1,0,5,5
Chautauqua,Carroll Town PD,2012,0,5,5,0,0,0,0,5,5
Chautauqua,Carroll Town PD,2013,0,3,3,0,0,0,0,3,3
Chautauqua,Carroll Town PD,2014,0,3,3,0,0,0,0,3,3
Chautauqua,Carroll Town PD,2015,0,3,3,0,0,0,0,3,3
Chautauqua,Carroll Town PD,2016,0,4,4,0,0,0,0,4,4
Chautauqua,Carroll Town PD,2017,0,3,3,0,0,0,0,3,3
Chautauqua,Carroll Town PD,2018,0,4,4,0,0,0,0,4,4
Chautauqua,Carroll Town PD,2019,0,4,4,0,0,0,0,4,4
Chautauqua,Carroll Town PD,2020,0,4,4,0,0,0,0,4,4
Chautauqua,Carroll Town PD,2021,0,4,4,0,0,0,0,4,4
Chautauqua,Carroll Town PD,2022,0,4,4,0,0,0,0,4,4
Chautauqua,Carroll Town PD,2023,0,4,4,0,0,0,0,4,4
Chautauqua,Chautauqua County Sheriff,2007,77,25,102,45,25,70,122,50,172
Chautauqua,Chautauqua County Sheriff,2008,73,49,122,44,28,72,117,77,194
Chautauqua,Chautauqua County Sheriff,2009,72,35,107,44,28,72,116,63,179
Chautauqua,Chautauqua County Sheriff,2010,69,22,91,38,17,55,107,39,146
Chautauqua,Chautauqua County Sheriff,2011,61,22,83,46,17,63,107,39,146
Chautauqua,Chautauqua County Sheriff,2012,57,6,63,43,22,65,100,28,128
Chautauqua,Chautauqua County Sheriff,2013,60,7,67,47,19,66,107,26,133
Chautauqua,Chautauqua County Sheriff,2014,61,6,67,46,25,71,107,31,138
Chautauqua,Chautauqua County Sheriff,2015,62,6,68,48,22,70,110,28,138
Chautauqua,Chautauqua County Sheriff,2016,61,7,68,50,20,70,111,27,138
Chautauqua,Chautauqua County Sheriff,2017,70,42,112,40,19,59,110,61,171
Chautauqua,Chautauqua County Sheriff,2018,72,37,109,48,22,70,120,59,179
Chautauqua,Chautauqua County Sheriff,2019,71,37,108,43,13,56,114,50,164
Chautauqua,Chautauqua County Sheriff,2020,68,39,107,45,12,57,113,51,164
Chautauqua,Chautauqua County Sheriff,2021,62,35,97,41,12,53,103,47,150
Chautauqua,Chautauqua County Sheriff,2022,66,35,101,42,12,54,108,47,155
Chautauqua,Chautauqua County Sheriff,2023,76,27,103,40,17,57,116,44,160
Chautauqua,Dunkirk City PD,2007,36,0,36,1,16,17,37,16,53
Chautauqua,Dunkirk City PD,2008,35,0,35,1,11,12,36,11,47
Chautauqua,Dunkirk City PD,2009,36,0,36,1,11,12,37,11,48
Chautauqua,Dunkirk City PD,2010,37,0,37,1,0,1,38,0,38
Chautauqua,Dunkirk City PD,2011,35,0,35,1,0,1,36,0,36
Chautauqua,Dunkirk City PD,2012,37,0,37,1,11,12,38,11,49
Chautauqua,Dunkirk City PD,2013,37,0,37,1,11,12,38,11,49
Chautauqua,Dunkirk City PD,2014,37,0,37,1,12,13,38,12,50
Chautauqua,Dunkirk City PD,2015,37,0,37,1,11,12,38,11,49
Chautauqua,Dunkirk City PD,2016,37,0,37,1,11,12,38,11,49
Chautauqua,Dunkirk City PD,2017,33,0,33,1,3,4,34,3,37
Chautauqua,Dunkirk City PD,2018,36,0,36,1,3,4,37,3,40
Chautauqua,Dunkirk City PD,2019,36,0,36,1,3,4,37,3,40
Chautauqua,Dunkirk City PD,2020,37,0,37,1,3,4,38,3,41
Chautauqua,Dunkirk City PD,2021,35,0,35,1,2,3,36,2,38
Chautauqua,Dunkirk City PD,2022,37,0,37,1,2,3,38,2,40
Chautauqua,Dunkirk City PD,2023,36,0,36,1,2,3,37,2,39
Chautauqua,Ellicott Town PD,2007,12,6,18,1,0,1,13,6,19
Chautauqua,Ellicott Town PD,2008,12,5,17,1,1,2,13,6,19
Chautauqua,Ellicott Town PD,2009,12,5,17,1,1,2,13,6,19
Chautauqua,Ellicott Town PD,2010,12,6,18,1,1,2,13,7,20
Chautauqua,Ellicott Town PD,2011,12,7,19,1,1,2,13,8,21
Chautauqua,Ellicott Town PD,2012,12,10,22,0,1,1,12,11,23
Chautauqua,Ellicott Town PD,2013,20,9,29,0,0,0,20,9,29
Chautauqua,Ellicott Town PD,2014,12,8,20,0,0,0,12,8,20
Chautauqua,Ellicott Town PD,2015,12,10,22,0,0,0,12,10,22
Chautauqua,Ellicott Town PD,2016,12,8,20,0,0,0,12,8,20
Chautauqua,Ellicott Town PD,2017,12,8,20,0,0,0,12,8,20
Chautauqua,Ellicott Town PD,2018,12,8,20,0,0,0,12,8,20
Chautauqua,Ellicott Town PD,2019,13,10,23,0,0,0,13,10,23
Chautauqua,Ellicott Town PD,2020,13,10,23,0,0,0,13,10,23
Chautauqua,Ellicott Town PD,2021,13,11,24,0,0,0,13,11,24
Chautauqua,Ellicott Town PD,2022,13,6,19,0,0,0,13,6,19
Chautauqua,Ellicott Town PD,2023,12,6,18,0,0,0,12,6,18
Chautauqua,Fredonia Vg PD,2007,15,6,21,4,0,4,19,6,25
Chautauqua,Fredonia Vg PD,2008,14,3,17,4,0,4,18,3,21
Chautauqua,Fredonia Vg PD,2010,14,6,20,4,0,4,18,6,24
Chautauqua,Fredonia Vg PD,2011,15,5,20,4,0,4,19,5,24
Chautauqua,Fredonia Vg PD,2012,14,5,19,4,0,4,18,5,23
Chautauqua,Fredonia Vg PD,2013,14,6,20,4,0,4,18,6,24
Chautauqua,Fredonia Vg PD,2014,13,6,19,4,0,4,17,6,23
Chautauqua,Fredonia Vg PD,2016,14,6,20,4,0,4,18,6,24
Chautauqua,Fredonia Vg PD,2017,14,6,20,4,0,4,18,6,24
Chautauqua,Fredonia Vg PD,2019,14,6,20,4,0,4,18,6,24
Chautauqua,Fredonia Vg PD,2020,14,4,18,4,0,4,18,4,22
Chautauqua,Fredonia Vg PD,2021,16,1,17,4,0,4,20,1,21
Chautauqua,Fredonia Vg PD,2022,16,1,17,4,0,4,20,1,21
Chautauqua,Jamestown City PD,2007,62,0,62,12,14,26,74,14,88
Chautauqua,Jamestown City PD,2008,62,0,62,11,18,29,73,18,91
Chautauqua,Jamestown City PD,2009,60,0,60,9,14,23,69,14,83
Chautauqua,Jamestown City PD,2010,60,0,60,10,23,33,70,23,93
Chautauqua,Jamestown City PD,2011,60,0,60,10,25,35,70,25,95
Chautauqua,Jamestown City PD,2012,60,0,60,11,21,32,71,21,92
Chautauqua,Jamestown City PD,2013,60,0,60,10,22,32,70,22,92
Chautauqua,Jamestown City PD,2014,60,0,60,10,22,32,70,22,92
Chautauqua,Jamestown City PD,2015,61,0,61,9,21,30,70,21,91
Chautauqua,Jamestown City PD,2016,59,0,59,9,17,26,68,17,85
Chautauqua,Jamestown City PD,2017,62,0,62,10,16,26,72,16,88
Chautauqua,Jamestown City PD,2018,62,0,62,10,15,25,72,15,87
Chautauqua,Jamestown City PD,2019,62,0,62,10,21,31,72,21,93
Chautauqua,Jamestown City PD,2020,60,0,60,10,21,31,70,21,91
Chautauqua,Jamestown City PD,2021,59,0,59,7,7,14,66,7,73
Chautauqua,Jamestown City PD,2022,61,0,61,10,8,18,71,8,79
Chautauqua,Jamestown City PD,2023,62,0,62,12,8,20,74,8,82
Chautauqua,Lakewood-Busti PD,2007,9,7,16,0,2,2,9,9,18
Chautauqua,Lakewood-Busti PD,2008,9,8,17,1,1,2,10,9,19
Chautauqua,Lakewood-Busti PD,2009,9,8,17,1,1,2,10,9,19
Chautauqua,Lakewood-Busti PD,2010,9,8,17,1,1,2,10,9,19
Chautauqua,Lakewood-Busti PD,2011,9,10,19,1,1,2,10,11,21
Chautauqua,Lakewood-Busti PD,2012,9,10,19,1,1,2,10,11,21
Chautauqua,Lakewood-Busti PD,2013,9,10,19,1,1,2,10,11,21
Chautauqua,Lakewood-Busti PD,2014,9,10,19,1,1,2,10,11,21
Chautauqua,Lakewood-Busti PD,2015,9,11,20,1,1,2,10,12,22
Chautauqua,Lakewood-Busti PD,2016,12,6,18,1,1,2,13,7,20
Chautauqua,Lakewood-Busti PD,2017,10,7,17,1,1,2,11,8,19
Chautauqua,Lakewood-Busti PD,2018,10,7,17,1,1,2,11,8,19
Chautauqua,Lakewood-Busti PD,2019,10,8,18,1,1,2,11,9,20
Chautauqua,Lakewood-Busti PD,2020,10,7,17,1,1,2,11,8,19
Chautauqua,Lakewood-Busti PD,2021,10,7,17,1,1,2,11,8,19
Chautauqua,Lakewood-Busti PD,2022,11,6,17,1,1,2,12,7,19
Chautauqua,Lakewood-Busti PD,2023,10,4,14,1,1,2,11,5,16
Chautauqua,SUNY Police - Fredonia,2007,15,0,15,1,0,1,16,0,16
Chautauqua,SUNY Police - Fredonia,2008,15,0,15,1,0,1,16,0,16
Chautauqua,SUNY Police - Fredonia,2009,15,0,15,1,0,1,16,0,16
Chautauqua,SUNY Police - Fredonia,2010,15,0,15,1,0,1,16,0,16
Chautauqua,SUNY Police - Fredonia,2011,15,0,15,1,0,1,16,0,16
Chautauqua,SUNY Police - Fredonia,2012,16,0,16,1,0,1,17,0,17
Chautauqua,SUNY Police - Fredonia,2013,15,0,15,1,0,1,16,0,16
Chautauqua,SUNY Police - Fredonia,2014,13,0,13,1,0,1,14,0,14
Chautauqua,SUNY Police - Fredonia,2015,15,0,15,1,0,1,16,0,16
Chautauqua,SUNY Police - Fredonia,2016,15,0,15,1,0,1,16,0,16
Chautauqua,SUNY Police - Fredonia,2017,15,0,15,1,0,1,16,0,16
Chautauqua,SUNY Police - Fredonia,2018,14,0,14,1,0,1,15,0,15
Chautauqua,SUNY Police - Fredonia,2019,13,0,13,1,0,1,14,0,14
Chautauqua,SUNY Police - Fredonia,2020,13,0,13,3,0,3,16,0,16
Chautauqua,SUNY Police - Fredonia,2021,13,0,13,3,0,3,16,0,16
Chautauqua,SUNY Police - Fredonia,2022,15,0,15,4,0,4,19,0,19
Chautauqua,SUNY Police - Fredonia,2023,12,0,12,4,0,4,16,0,16
Chautauqua,Westfield Vg PD,2007,5,7,12,0,2,2,5,9,14
Chautauqua,Westfield Vg PD,2008,5,6,11,0,2,2,5,8,13
Chautauqua,Westfield Vg PD,2009,5,6,11,0,2,2,5,8,13
Chautauqua,Westfield Vg PD,2010,5,6,11,0,2,2,5,8,13
Chautauqua,Westfield Vg PD,2011,5,6,11,0,2,2,5,8,13
Chautauqua,Westfield Vg PD,2012,5,6,11,0,2,2,5,8,13
Chautauqua,Westfield Vg PD,2013,5,6,11,0,2,2,5,8,13
Chautauqua,Westfield Vg PD,2014,5,6,11,0,2,2,5,8,13
Chautauqua,Westfield Vg PD,2015,5,6,11,0,2,2,5,8,13
Chautauqua,Westfield Vg PD,2016,5,7,12,0,2,2,5,9,14
Chautauqua,Westfield Vg PD,2017,4,7,11,0,2,2,4,9,13
Chautauqua,Westfield Vg PD,2018,6,6,12,0,2,2,6,8,14
Chautauqua,Westfield Vg PD,2019,6,6,12,0,2,2,6,8,14
Chautauqua,Westfield Vg PD,2020,6,6,12,0,2,2,6,8,14
Chautauqua,Westfield Vg PD,2021,7,3,10,0,2,2,7,5,12
Chautauqua,Westfield Vg PD,2022,7,2,9,0,2,2,7,4,11
Chautauqua,Westfield Vg PD,2023,6,1,7,1,2,3,7,3,10
Chemung,Chemung County Sheriff,2007,37,0,37,6,0,6,43,0,43
Chemung,Chemung County Sheriff,2008,43,0,43,7,0,7,50,0,50
Chemung,Chemung County Sheriff,2009,43,0,43,9,9,18,52,9,61
Chemung,Chemung County Sheriff,2010,44,0,44,9,9,18,53,9,62
Chemung,Chemung County Sheriff,2011,44,0,44,5,1,6,49,1,50
Chemung,Chemung County Sheriff,2012,45,0,45,4,2,6,49,2,51
Chemung,Chemung County Sheriff,2013,43,2,45,4,3,7,47,5,52
Chemung,Chemung County Sheriff,2014,43,3,46,4,3,7,47,6,53
Chemung,Chemung County Sheriff,2015,42,5,47,5,1,6,47,6,53
Chemung,Chemung County Sheriff,2016,44,0,44,5,1,6,49,1,50
Chemung,Chemung County Sheriff,2017,43,0,43,5,1,6,48,1,49
Chemung,Chemung County Sheriff,2018,43,4,47,5,1,6,48,5,53
Chemung,Chemung County Sheriff,2019,43,9,52,5,1,6,48,10,58
Chemung,Chemung County Sheriff,2020,43,0,43,5,2,7,48,2,50
Chemung,Chemung County Sheriff,2021,43,0,43,6,2,8,49,2,51
Chemung,Chemung County Sheriff,2022,37,10,47,3,2,5,40,12,52
Chemung,Chemung County Sheriff,2023,43,16,59,6,2,8,49,18,67
Chemung,Elmira City PD,2007,78,0,78,13,4,17,91,4,95
Chemung,Elmira City PD,2008,79,2,81,10,4,14,89,6,95
Chemung,Elmira City PD,2009,76,2,78,11,4,15,87,6,93
Chemung,Elmira City PD,2010,77,0,77,12,4,16,89,4,93
Chemung,Elmira City PD,2011,78,0,78,12,4,16,90,4,94
Chemung,Elmira City PD,2012,79,0,79,12,4,16,91,4,95
Chemung,Elmira City PD,2013,77,0,77,12,4,16,89,4,93
Chemung,Elmira City PD,2014,77,0,77,12,4,16,89,4,93
Chemung,Elmira City PD,2015,72,0,72,11,4,15,83,4,87
Chemung,Elmira City PD,2018,72,3,75,9,3,12,81,6,87
Chemung,Elmira City PD,2019,72,1,73,10,3,13,82,4,86
Chemung,Elmira City PD,2020,70,1,71,9,1,10,79,2,81
Chemung,Elmira City PD,2021,71,1,72,10,0,10,81,1,82
Chemung,Elmira City PD,2022,68,1,69,10,1,11,78,2,80
Chemung,Elmira City PD,2023,73,1,74,10,1,11,83,2,85
Chemung,Elmira Heights Vg PD,2007,10,0,10,0,0,0,10,0,10
Chemung,Elmira Heights Vg PD,2008,10,0,10,0,0,0,10,0,10
Chemung,Elmira Heights Vg PD,2009,9,0,9,0,0,0,9,0,9
Chemung,Elmira Heights Vg PD,2010,9,0,9,0,0,0,9,0,9
Chemung,Elmira Heights Vg PD,2011,9,0,9,0,0,0,9,0,9
Chemung,Elmira Heights Vg PD,2012,9,0,9,0,0,0,9,0,9
Chemung,Elmira Heights Vg PD,2013,9,0,9,0,0,0,9,0,9
Chemung,Elmira Heights Vg PD,2014,10,0,10,0,0,0,10,0,10
Chemung,Elmira Heights Vg PD,2015,10,0,10,0,0,0,10,0,10
Chemung,Elmira Heights Vg PD,2016,10,0,10,0,0,0,10,0,10
Chemung,Elmira Heights Vg PD,2017,9,0,9,0,0,0,9,0,9
Chemung,Elmira Heights Vg PD,2018,9,0,9,0,0,0,9,0,9
Chemung,Elmira Heights Vg PD,2019,9,0,9,0,0,0,9,0,9
Chemung,Elmira Heights Vg PD,2020,9,0,9,0,0,0,9,0,9
Chemung,Elmira Heights Vg PD,2021,9,0,9,0,0,0,9,0,9
Chemung,Elmira Heights Vg PD,2022,9,0,9,0,0,0,9,0,9
Chemung,Elmira Heights Vg PD,2023,9,2,11,0,0,0,9,2,11
Chemung,Elmira Town PD,2007,2,5,7,0,0,0,2,5,7
Chemung,Elmira Town PD,2008,4,4,8,0,0,0,4,4,8
Chemung,Elmira Town PD,2009,4,4,8,0,0,0,4,4,8
Chemung,Elmira Town PD,2010,3,3,6,0,0,0,3,3,6
Chemung,Elmira Town PD,2011,4,3,7,0,3,3,4,6,10
Chemung,Elmira Town PD,2012,4,3,7,0,0,0,4,3,7
Chemung,Elmira Town PD,2013,4,3,7,0,0,0,4,3,7
Chemung,Elmira Town PD,2014,4,3,7,0,0,0,4,3,7
Chemung,Elmira Town PD,2015,4,3,7,0,0,0,4,3,7
Chemung,Elmira Town PD,2016,4,5,9,0,2,2,4,7,11
Chemung,Elmira Town PD,2017,4,4,8,0,0,0,4,4,8
Chemung,Elmira Town PD,2018,4,4,8,0,0,0,4,4,8
Chemung,Elmira Town PD,2019,3,5,8,0,4,4,3,9,12
Chemung,Elmira Town PD,2020,4,5,9,0,0,0,4,5,9
Chemung,Elmira Town PD,2021,5,8,13,0,0,0,5,8,13
Chemung,Elmira Town PD,2022,5,6,11,0,0,0,5,6,11
Chemung,Elmira Town PD,2023,3,3,6,0,0,0,3,3,6
Chemung,Horseheads Vg PD,2007,12,0,12,2,8,10,14,8,22
Chemung,Horseheads Vg PD,2008,13,0,13,2,7,9,15,7,22
Chemung,Horseheads Vg PD,2009,13,0,13,1,6,7,14,6,20
Chemung,Horseheads Vg PD,2010,13,0,13,1,5,6,14,5,19
Chemung,Horseheads Vg PD,2011,13,0,13,0,3,3,13,3,16
Chemung,Horseheads Vg PD,2012,13,0,13,0,5,5,13,5,18
Chemung,Horseheads Vg PD,2013,10,0,10,0,4,4,10,4,14
Chemung,Horseheads Vg PD,2014,9,0,9,0,2,2,9,2,11
Chemung,Horseheads Vg PD,2015,10,0,10,0,2,2,10,2,12
Chemung,Horseheads Vg PD,2016,10,5,15,0,2,2,10,7,17
Chemung,Horseheads Vg PD,2017,10,3,13,0,2,2,10,5,15
Chemung,Horseheads Vg PD,2018,8,6,14,1,0,1,9,6,15
Chemung,Horseheads Vg PD,2019,9,5,14,0,2,2,9,7,16
Chemung,Horseheads Vg PD,2020,10,6,16,0,1,1,10,7,17
Chemung,Horseheads Vg PD,2021,10,6,16,0,1,1,10,7,17
Chemung,Horseheads Vg PD,2022,9,6,15,1,1,2,10,7,17
Chemung,Horseheads Vg PD,2023,10,3,13,1,1,2,11,4,15
Chenango,Afton Vg PD,2007,0,8,8,0,0,0,0,8,8
Chenango,Afton Vg PD,2010,0,7,7,0,0,0,0,7,7
Chenango,Afton Vg PD,2013,0,6,6,0,0,0,0,6,6
Chenango,Afton Vg PD,2014,0,4,4,0,0,0,0,4,4
Chenango,Afton Vg PD,2015,0,6,6,0,0,0,0,6,6
Chenango,Afton Vg PD,2016,0,5,5,0,0,0,0,5,5
Chenango,Afton Vg PD,2017,0,5,5,0,0,0,0,5,5
Chenango,Afton Vg PD,2018,0,4,4,0,0,0,0,4,4
Chenango,Afton Vg PD,2019,0,3,3,0,0,0,0,3,3
Chenango,Afton Vg PD,2020,0,7,7,0,0,0,0,7,7
Chenango,Afton Vg PD,2021,0,5,5,0,0,0,0,5,5
Chenango,Afton Vg PD,2022,0,5,5,0,0,0,0,5,5
Chenango,Bainbridge Vg PD,2008,0,6,6,0,0,0,0,6,6
Chenango,Bainbridge Vg PD,2010,0,6,6,0,0,0,0,6,6
Chenango,Bainbridge Vg PD,2015,0,7,7,0,0,0,0,7,7
Chenango,Bainbridge Vg PD,2016,0,7,7,0,0,0,0,7,7
Chenango,Bainbridge Vg PD,2017,0,7,7,0,0,0,0,7,7
Chenango,Bainbridge Vg PD,2018,0,6,6,0,0,0,0,6,6
Chenango,Bainbridge Vg PD,2023,0,3,3,0,0,0,0,3,3
Chenango,Chenango County Sheriff,2007,24,1,25,6,0,6,30,1,31
Chenango,Chenango County Sheriff,2008,24,1,25,25,12,37,49,13,62
Chenango,Chenango County Sheriff,2009,24,2,26,17,7,24,41,9,50
Chenango,Chenango County Sheriff,2010,23,3,26,15,7,22,38,10,48
Chenango,Chenango County Sheriff,2011,24,3,27,15,7,22,39,10,49
Chenango,Chenango County Sheriff,2012,24,3,27,15,7,22,39,10,49
Chenango,Chenango County Sheriff,2013,23,3,26,14,8,22,37,11,48
Chenango,Chenango County Sheriff,2014,24,3,27,0,0,0,24,3,27
Chenango,Chenango County Sheriff,2015,25,4,29,0,0,0,25,4,29
Chenango,Chenango County Sheriff,2019,22,4,26,0,0,0,22,4,26
Chenango,Chenango County Sheriff,2020,23,4,27,0,0,0,23,4,27
Chenango,Chenango County Sheriff,2021,23,4,27,0,0,0,23,4,27
Chenango,Chenango County Sheriff,2022,24,3,27,0,0,0,24,3,27
Chenango,Chenango County Sheriff,2023,25,3,28,11,7,18,36,10,46
Chenango,Greene Vg PD,2007,1,5,6,1,0,1,2,5,7
Chenango,Greene Vg PD,2008,1,6,7,0,1,1,1,7,8
Chenango,Greene Vg PD,2009,1,2,3,0,1,1,1,3,4
Chenango,Greene Vg PD,2010,1,3,4,0,1,1,1,4,5
Chenango,Greene Vg PD,2011,1,3,4,0,1,1,1,4,5
Chenango,Greene Vg PD,2012,1,3,4,0,1,1,1,4,5
Chenango,Greene Vg PD,2013,1,3,4,0,1,1,1,4,5
Chenango,Greene Vg PD,2014,1,3,4,0,1,1,1,4,5
Chenango,Greene Vg PD,2015,1,3,4,0,1,1,1,4,5
Chenango,Greene Vg PD,2016,1,5,6,0,1,1,1,6,7
Chenango,Greene Vg PD,2017,1,4,5,0,1,1,1,5,6
Chenango,Greene Vg PD,2018,2,4,6,0,1,1,2,5,7
Chenango,Greene Vg PD,2019,0,6,6,0,1,1,0,7,7
Chenango,Greene Vg PD,2020,1,5,6,0,1,1,1,6,7
Chenango,Greene Vg PD,2021,1,4,5,0,0,0,1,4,5
Chenango,Greene Vg PD,2022,1,3,4,0,0,0,1,3,4
Chenango,Greene Vg PD,2023,1,4,5,0,0,0,1,4,5
Chenango,New Berlin Town PD,2007,1,5,6,0,2,2,1,7,8
Chenango,New Berlin Town PD,2009,0,6,6,0,0,0,0,6,6
Chenango,New Berlin Town PD,2010,0,10,10,0,0,0,0,10,10
Chenango,New Berlin Town PD,2011,0,9,9,0,0,0,0,9,9
Chenango,New Berlin Town PD,2012,0,9,9,0,0,0,0,9,9
Chenango,New Berlin Town PD,2013,1,8,9,0,0,0,1,8,9
Chenango,New Berlin Town PD,2014,2,9,11,0,0,0,2,9,11
Chenango,New Berlin Town PD,2015,2,8,10,0,0,0,2,8,10
Chenango,New Berlin Town PD,2016,2,8,10,0,0,0,2,8,10
Chenango,New Berlin Town PD,2017,1,10,11,0,0,0,1,10,11
Chenango,New Berlin Town PD,2018,1,11,12,0,0,0,1,11,12
Chenango,New Berlin Town PD,2019,1,9,10,0,0,0,1,9,10
Chenango,New Berlin Town PD,2020,1,9,10,0,0,0,1,9,10
Chenango,New Berlin Town PD,2021,1,4,5,0,0,0,1,4,5
Chenango,New Berlin Town PD,2022,1,5,6,0,0,0,1,5,6
Chenango,New Berlin Town PD,2023,1,5,6,0,0,0,1,5,6
Chenango,Norwich City PD,2007,18,0,18,1,5,6,19,5,24
Chenango,Norwich City PD,2008,19,0,19,1,4,5,20,4,24
Chenango,Norwich City PD,2009,19,0,19,1,1,2,20,1,21
Chenango,Norwich City PD,2010,20,0,20,1,4,5,21,4,25
Chenango,Norwich City PD,2011,19,0,19,0,3,3,19,3,22
Chenango,Norwich City PD,2012,19,0,19,0,4,4,19,4,23
Chenango,Norwich City PD,2013,19,0,19,0,4,4,19,4,23
Chenango,Norwich City PD,2014,20,0,20,0,2,2,20,2,22
Chenango,Norwich City PD,2015,20,0,20,0,1,1,20,1,21
Chenango,Norwich City PD,2016,20,0,20,0,1,1,20,1,21
Chenango,Norwich City PD,2017,17,0,17,0,1,1,17,1,18
Chenango,Norwich City PD,2018,19,0,19,0,1,1,19,1,20
Chenango,Norwich City PD,2019,14,0,14,0,1,1,14,1,15
Chenango,Norwich City PD,2020,20,0,20,0,1,1,20,1,21
Chenango,Norwich City PD,2021,20,0,20,1,1,2,21,1,22
Chenango,Norwich City PD,2022,21,0,21,0,2,2,21,2,23
Chenango,Norwich City PD,2023,21,0,21,1,0,1,22,0,22
Chenango,Oxford Vg PD,2007,1,4,5,0,0,0,1,4,5
Chenango,Oxford Vg PD,2008,1,5,6,0,0,0,1,5,6
Chenango,Oxford Vg PD,2009,1,2,3,0,0,0,1,2,3
Chenango,Oxford Vg PD,2010,1,5,6,0,0,0,1,5,6
Chenango,Oxford Vg PD,2011,1,5,6,0,0,0,1,5,6
Chenango,Oxford Vg PD,2012,1,5,6,0,0,0,1,5,6
Chenango,Oxford Vg PD,2013,1,5,6,0,0,0,1,5,6
Chenango,Oxford Vg PD,2014,1,5,6,0,0,0,1,5,6
Chenango,Oxford Vg PD,2015,1,7,8,0,1,1,1,8,9
Chenango,Oxford Vg PD,2018,3,4,7,0,0,0,3,4,7
Chenango,Oxford Vg PD,2019,3,3,6,0,0,0,3,3,6
Chenango,Oxford Vg PD,2020,2,2,4,0,1,1,2,3,5
Chenango,Oxford Vg PD,2021,2,2,4,0,1,1,2,3,5
Chenango,Oxford Vg PD,2022,2,2,4,0,1,1,2,3,5
Chenango,Oxford Vg PD,2023,2,2,4,0,0,0,2,2,4
Chenango,Sherburne Vg PD,2007,0,7,7,0,0,0,0,7,7
Chenango,Sherburne Vg PD,2008,0,7,7,0,0,0,0,7,7
Chenango,Sherburne Vg PD,2009,0,6,6,0,0,0,0,6,6
Chenango,Sherburne Vg PD,2010,0,7,7,0,1,1,0,8,8
Chenango,Sherburne Vg PD,2011,0,8,8,0,1,1,0,9,9
Chenango,Sherburne Vg PD,2012,0,7,7,0,1,1,0,8,8
Chenango,Sherburne Vg PD,2013,0,7,7,0,1,1,0,8,8
Chenango,Sherburne Vg PD,2014,0,7,7,0,0,0,0,7,7
Chenango,Sherburne Vg PD,2015,0,11,11,0,0,0,0,11,11
Chenango,Sherburne Vg PD,2016,0,10,10,0,0,0,0,10,10
Chenango,Sherburne Vg PD,2017,0,9,9,0,0,0,0,9,9
Chenango,Sherburne Vg PD,2018,0,9,9,0,0,0,0,9,9
Chenango,Sherburne Vg PD,2019,0,9,9,0,0,0,0,9,9
Chenango,Sherburne Vg PD,2020,0,7,7,0,0,0,0,7,7
Chenango,Sherburne Vg PD,2021,0,9,9,0,0,0,0,9,9
Chenango,Sherburne Vg PD,2022,0,9,9,0,0,0,0,9,9
Chenango,Sherburne Vg PD,2023,0,9,9,0,0,0,0,9,9
Clinton,Clinton County Sheriff,2007,20,2,22,0,2,2,20,4,24
Clinton,Clinton County Sheriff,2008,23,1,24,0,1,1,23,2,25
Clinton,Clinton County Sheriff,2009,23,1,24,0,3,3,23,4,27
Clinton,Clinton County Sheriff,2010,23,1,24,0,4,4,23,5,28
Clinton,Clinton County Sheriff,2011,23,1,24,0,4,4,23,5,28
Clinton,Clinton County Sheriff,2012,24,1,25,0,4,4,24,5,29
Clinton,Clinton County Sheriff,2013,24,1,25,0,5,5,24,6,30
Clinton,Clinton County Sheriff,2014,24,1,25,0,4,4,24,5,29
Clinton,Clinton County Sheriff,2015,25,5,30,0,2,2,25,7,32
Clinton,Clinton County Sheriff,2016,25,5,30,0,2,2,25,7,32
Clinton,Clinton County Sheriff,2017,26,6,32,13,16,29,39,22,61
Clinton,Clinton County Sheriff,2018,26,5,31,13,14,27,39,19,58
Clinton,Clinton County Sheriff,2019,26,9,35,13,11,24,39,20,59
Clinton,Clinton County Sheriff,2020,25,9,34,0,1,1,25,10,35
Clinton,Clinton County Sheriff,2021,27,8,35,7,0,7,34,8,42
Clinton,Clinton County Sheriff,2022,26,8,34,5,0,5,31,8,39
Clinton,Plattsburgh City PD,2007,48,0,48,6,0,6,54,0,54
Clinton,Plattsburgh City PD,2008,48,0,48,7,0,7,55,0,55
Clinton,Plattsburgh City PD,2009,46,0,46,6,0,6,52,0,52
Clinton,Plattsburgh City PD,2010,48,0,48,5,1,6,53,1,54
Clinton,Plattsburgh City PD,2011,49,0,49,6,2,8,55,2,57
Clinton,Plattsburgh City PD,2012,48,0,48,8,1,9,56,1,57
Clinton,Plattsburgh City PD,2013,48,0,48,8,0,8,56,0,56
Clinton,Plattsburgh City PD,2014,51,0,51,8,8,16,59,8,67
Clinton,Plattsburgh City PD,2015,51,0,51,7,6,13,58,6,64
Clinton,Plattsburgh City PD,2016,51,0,51,7,7,14,58,7,65
Clinton,Plattsburgh City PD,2017,47,0,47,7,7,14,54,7,61
Clinton,Plattsburgh City PD,2018,45,0,45,6,0,6,51,0,51
Clinton,Plattsburgh City PD,2019,45,2,47,6,7,13,51,9,60
Clinton,Plattsburgh City PD,2020,42,1,43,6,0,6,48,1,49
Clinton,Plattsburgh City PD,2021,47,7,54,6,0,6,53,7,60
Clinton,Plattsburgh City PD,2022,38,0,38,7,6,13,45,6,51
Clinton,Plattsburgh City PD,2023,41,2,43,7,8,15,48,10,58
Clinton,SUNY Police - Plattsburgh,2007,15,0,15,5,1,6,20,1,21
Clinton,SUNY Police - Plattsburgh,2008,14,0,14,6,4,10,20,4,24
Clinton,SUNY Police - Plattsburgh,2009,14,0,14,8,3,11,22,3,25
Clinton,SUNY Police - Plattsburgh,2010,13,0,13,7,3,10,20,3,23
Clinton,SUNY Police - Plattsburgh,2011,15,0,15,6,4,10,21,4,25
Clinton,SUNY Police - Plattsburgh,2012,14,0,14,5,4,9,19,4,23
Clinton,SUNY Police - Plattsburgh,2013,16,0,16,7,4,11,23,4,27
Clinton,SUNY Police - Plattsburgh,2014,16,0,16,5,3,8,21,3,24
Clinton,SUNY Police - Plattsburgh,2015,16,0,16,5,0,5,21,0,21
Clinton,SUNY Police - Plattsburgh,2016,15,0,15,4,1,5,19,1,20
Clinton,SUNY Police - Plattsburgh,2017,18,0,18,4,1,5,22,1,23
Clinton,SUNY Police - Plattsburgh,2018,15,0,15,5,1,6,20,1,21
Clinton,SUNY Police - Plattsburgh,2019,14,0,14,5,2,7,19,2,21
Clinton,SUNY Police - Plattsburgh,2020,15,0,15,4,2,6,19,2,21
Clinton,SUNY Police - Plattsburgh,2021,15,0,15,7,1,8,22,1,23
Clinton,SUNY Police - Plattsburgh,2022,15,0,15,7,1,8,22,1,23
Clinton,SUNY Police - Plattsburgh,2023,15,0,15,5,2,7,20,2,22
Columbia,Chatham Vg PD,2007,3,19,22,1,0,1,4,19,23
Columbia,Chatham Vg PD,2008,2,28,30,1,0,1,3,28,31
Columbia,Chatham Vg PD,2009,4,26,30,1,1,2,5,27,32
Columbia,Chatham Vg PD,2010,4,21,25,1,0,1,5,21,26
Columbia,Chatham Vg PD,2011,2,16,18,1,0,1,3,16,19
Columbia,Chatham Vg PD,2012,1,24,25,0,1,1,1,25,26
Columbia,Chatham Vg PD,2015,0,22,22,0,0,0,0,22,22
Columbia,Chatham Vg PD,2016,0,23,23,0,0,0,0,23,23
Columbia,Chatham Vg PD,2017,0,24,24,0,0,0,0,24,24
Columbia,Chatham Vg PD,2018,0,21,21,0,0,0,0,21,21
Columbia,Chatham Vg PD,2019,0,18,18,0,0,0,0,18,18
Columbia,Chatham Vg PD,2020,0,20,20,0,0,0,0,20,20
Columbia,Chatham Vg PD,2021,0,19,19,0,0,0,0,19,19
Columbia,Chatham Vg PD,2022,0,18,18,0,1,1,0,19,19
Columbia,Chatham Vg PD,2023,0,19,19,0,0,0,0,19,19
Columbia,Columbia County Sheriff,2007,43,44,87,11,10,21,54,54,108
Columbia,Columbia County Sheriff,2008,45,41,86,10,3,13,55,44,99
Columbia,Columbia County Sheriff,2009,47,39,86,10,10,20,57,49,106
Columbia,Columbia County Sheriff,2010,47,43,90,10,9,19,57,52,109
Columbia,Columbia County Sheriff,2011,47,43,90,10,10,20,57,53,110
Columbia,Columbia County Sheriff,2013,44,31,75,10,11,21,54,42,96
Columbia,Columbia County Sheriff,2014,47,27,74,10,8,18,57,35,92
Columbia,Columbia County Sheriff,2015,48,41,89,12,8,20,60,49,109
Columbia,Columbia County Sheriff,2016,52,29,81,15,4,19,67,33,100
Columbia,Columbia County Sheriff,2017,55,41,96,15,3,18,70,44,114
Columbia,Columbia County Sheriff,2018,57,37,94,14,5,19,71,42,113
Columbia,Columbia County Sheriff,2019,59,33,92,16,6,22,75,39,114
Columbia,Columbia County Sheriff,2020,59,31,90,14,5,19,73,36,109
Columbia,Columbia County Sheriff,2021,56,20,76,15,9,24,71,29,100
Columbia,Columbia County Sheriff,2022,50,17,67,16,9,25,66,26,92
Columbia,Columbia County Sheriff,2023,42,18,60,11,9,20,53,27,80
Columbia,Greenport Town PD,2007,0,11,11,0,1,1,0,12,12
Columbia,Greenport Town PD,2008,0,11,11,0,1,1,0,12,12
Columbia,Greenport Town PD,2009,0,13,13,0,1,1,0,14,14
Columbia,Greenport Town PD,2010,0,15,15,0,1,1,0,16,16
Columbia,Greenport Town PD,2011,0,17,17,0,1,1,0,18,18
Columbia,Greenport Town PD,2013,0,15,15,0,1,1,0,16,16
Columbia,Greenport Town PD,2014,1,13,14,0,1,1,1,14,15
Columbia,Greenport Town PD,2015,1,13,14,0,1,1,1,14,15
Columbia,Greenport Town PD,2016,0,15,15,0,1,1,0,16,16
Columbia,Greenport Town PD,2017,0,14,14,0,1,1,0,15,15
Columbia,Greenport Town PD,2018,0,11,11,0,3,3,0,14,14
Columbia,Greenport Town PD,2019,0,17,17,0,1,1,0,18,18
Columbia,Greenport Town PD,2020,0,17,17,0,1,1,0,18,18
Columbia,Greenport Town PD,2021,0,15,15,0,0,0,0,15,15
Columbia,Greenport Town PD,2022,0,8,8,0,0,0,0,8,8
Columbia,Greenport Town PD,2023,0,6,6,0,0,0,0,6,6
Columbia,Hudson City PD,2007,26,0,26,6,8,14,32,8,40
Columbia,Hudson City PD,2008,25,0,25,6,5,11,31,5,36
Columbia,Hudson City PD,2009,24,0,24,6,6,12,30,6,36
Columbia,Hudson City PD,2010,26,0,26,6,9,15,32,9,41
Columbia,Hudson City PD,2011,25,0,25,6,9,15,31,9,40
Columbia,Hudson City PD,2012,26,0,26,6,9,15,32,9,41
Columbia,Hudson City PD,2013,25,0,25,4,6,10,29,6,35
Columbia,Hudson City PD,2014,25,0,25,4,6,10,29,6,35
Columbia,Hudson City PD,2015,24,0,24,4,2,6,28,2,30
Columbia,Hudson City PD,2016,25,0,25,4,1,5,29,1,30
Columbia,Hudson City PD,2017,24,0,24,4,2,6,28,2,30
Columbia,Hudson City PD,2018,25,0,25,5,4,9,30,4,34
Columbia,Hudson City PD,2019,25,0,25,5,8,13,30,8,38
Columbia,Hudson City PD,2020,24,0,24,5,1,6,29,1,30
Columbia,Hudson City PD,2022,27,0,27,0,6,6,27,6,33
Columbia,Hudson City PD,2023,27,0,27,0,7,7,27,7,34
Columbia,Philmont Vg PD,2010,0,20,20,0,0,0,0,20,20
Columbia,Philmont Vg PD,2011,0,21,21,0,0,0,0,21,21
Columbia,Philmont Vg PD,2013,0,17,17,0,0,0,0,17,17
Columbia,Philmont Vg PD,2014,0,16,16,0,0,0,0,16,16
Columbia,Philmont Vg PD,2015,0,18,18,0,0,0,0,18,18
Columbia,Philmont Vg PD,2016,0,18,18,0,0,0,0,18,18
Columbia,Philmont Vg PD,2017,0,16,16,0,0,0,0,16,16
Columbia,Philmont Vg PD,2018,0,13,13,0,0,0,0,13,13
Columbia,Philmont Vg PD,2019,0,13,13,0,0,0,0,13,13
Columbia,Philmont Vg PD,2020,0,13,13,0,0,0,0,13,13
Columbia,Philmont Vg PD,2021,0,11,11,0,0,0,0,11,11
Columbia,Philmont Vg PD,2022,0,8,8,0,0,0,0,8,8
Columbia,Philmont Vg PD,2023,0,8,8,0,0,0,0,8,8
Columbia,Stockport Town PD,2007,0,5,5,0,0,0,0,5,5
Columbia,Stockport Town PD,2008,0,5,5,0,0,0,0,5,5
Columbia,Stockport Town PD,2009,0,5,5,0,0,0,0,5,5
Columbia,Stockport Town PD,2010,0,5,5,0,0,0,0,5,5
Columbia,Stockport Town PD,2011,0,6,6,0,0,0,0,6,6
Columbia,Stockport Town PD,2012,0,6,6,0,0,0,0,6,6
Columbia,Stockport Town PD,2013,0,6,6,0,0,0,0,6,6
Columbia,Stockport Town PD,2015,0,4,4,0,0,0,0,4,4
Columbia,Stockport Town PD,2016,0,7,7,0,0,0,0,7,7
Columbia,Stockport Town PD,2017,0,6,6,0,0,0,0,6,6
Columbia,Stockport Town PD,2018,0,5,5,0,0,0,0,5,5
Columbia,Stockport Town PD,2023,0,9,9,0,0,0,0,9,9
Cortland,Cortland City PD,2007,43,0,43,3,23,26,46,23,69
Cortland,Cortland City PD,2008,43,0,43,3,27,30,46,27,73
Cortland,Cortland City PD,2009,43,0,43,3,27,30,46,27,73
Cortland,Cortland City PD,2010,42,0,42,3,27,30,45,27,72
Cortland,Cortland City PD,2011,42,0,42,3,22,25,45,22,67
Cortland,Cortland City PD,2012,42,0,42,3,22,25,45,22,67
Cortland,Cortland City PD,2013,43,0,43,3,22,25,46,22,68
Cortland,Cortland City PD,2014,42,0,42,3,22,25,45,22,67
Cortland,Cortland City PD,2015,43,0,43,3,21,24,46,21,67
Cortland,Cortland City PD,2016,43,0,43,3,20,23,46,20,66
Cortland,Cortland City PD,2017,44,0,44,3,20,23,47,20,67
Cortland,Cortland City PD,2018,43,0,43,3,21,24,46,21,67
Cortland,Cortland City PD,2019,42,0,42,3,18,21,45,18,63
Cortland,Cortland City PD,2020,44,0,44,2,17,19,46,17,63
Cortland,Cortland City PD,2022,41,1,42,2,0,2,43,1,44
Cortland,Cortland City PD,2023,41,1,42,2,0,2,43,1,44
Cortland,Cortland County Sheriff,2007,33,10,43,21,4,25,54,14,68
Cortland,Cortland County Sheriff,2008,33,10,43,19,4,23,52,14,66
Cortland,Cortland County Sheriff,2009,32,6,38,22,3,25,54,9,63
Cortland,Cortland County Sheriff,2010,33,5,38,19,2,21,52,7,59
Cortland,Cortland County Sheriff,2011,33,5,38,19,0,19,52,5,57
Cortland,Cortland County Sheriff,2012,33,8,41,17,2,19,50,10,60
Cortland,Cortland County Sheriff,2013,34,9,43,3,0,3,37,9,46
Cortland,Cortland County Sheriff,2014,35,9,44,4,0,4,39,9,48
Cortland,Cortland County Sheriff,2015,33,7,40,4,0,4,37,7,44
Cortland,Cortland County Sheriff,2016,36,7,43,5,0,5,41,7,48
Cortland,Cortland County Sheriff,2017,38,11,49,3,0,3,41,11,52
Cortland,Cortland County Sheriff,2018,39,9,48,3,0,3,42,9,51
Cortland,Cortland County Sheriff,2019,33,11,44,3,0,3,36,11,47
Cortland,Cortland County Sheriff,2020,39,13,52,3,0,3,42,13,55
Cortland,Cortland County Sheriff,2021,38,8,46,1,0,1,39,8,47
Cortland,Cortland County Sheriff,2022,36,8,44,3,0,3,39,8,47
Cortland,Cortland County Sheriff,2023,34,12,46,3,0,3,37,12,49
Cortland,Homer Vg PD,2010,4,10,14,0,1,1,4,11,15
Cortland,Homer Vg PD,2011,4,8,12,0,6,6,4,14,18
Cortland,Homer Vg PD,2012,4,7,11,0,5,5,4,12,16
Cortland,Homer Vg PD,2013,5,7,12,0,6,6,5,13,18
Cortland,Homer Vg PD,2014,5,7,12,1,4,5,6,11,17
Cortland,Homer Vg PD,2015,5,7,12,1,0,1,6,7,13
Cortland,Homer Vg PD,2016,5,7,12,1,0,1,6,7,13
Cortland,Homer Vg PD,2017,5,8,13,1,0,1,6,8,14
Cortland,Homer Vg PD,2018,5,13,18,1,0,1,6,13,19
Cortland,Homer Vg PD,2019,4,16,20,1,0,1,5,16,21
Cortland,Homer Vg PD,2020,4,15,19,1,0,1,5,15,20
Cortland,Homer Vg PD,2021,5,20,25,1,0,1,6,20,26
Cortland,Homer Vg PD,2022,5,17,22,1,5,6,6,22,28
Cortland,Homer Vg PD,2023,5,18,23,0,4,4,5,22,27
Cortland,SUNY Police - Cortland,2007,19,0,19,4,3,7,23,3,26
Cortland,SUNY Police - Cortland,2008,19,0,19,6,3,9,25,3,28
Cortland,SUNY Police - Cortland,2009,19,0,19,5,3,8,24,3,27
Cortland,SUNY Police - Cortland,2010,17,0,17,5,3,8,22,3,25
Cortland,SUNY Police - Cortland,2011,19,0,19,6,1,7,25,1,26
Cortland,SUNY Police - Cortland,2012,18,0,18,6,1,7,24,1,25
Cortland,SUNY Police - Cortland,2013,19,0,19,6,1,7,25,1,26
Cortland,SUNY Police - Cortland,2014,19,0,19,6,1,7,25,1,26
Cortland,SUNY Police - Cortland,2015,19,0,19,6,1,7,25,1,26
Cortland,SUNY Police - Cortland,2016,18,0,18,6,1,7,24,1,25
Cortland,SUNY Police - Cortland,2017,18,0,18,6,1,7,24,1,25
Cortland,SUNY Police - Cortland,2018,19,0,19,7,1,8,26,1,27
Cortland,SUNY Police - Cortland,2019,21,0,21,9,1,10,30,1,31
Cortland,SUNY Police - Cortland,2020,19,0,19,8,1,9,27,1,28
Cortland,SUNY Police - Cortland,2021,19,0,19,8,0,8,27,0,27
Cortland,SUNY Police - Cortland,2022,16,0,16,8,1,9,24,1,25
Cortland,SUNY Police - Cortland,2023,16,0,16,6,2,8,22,2,24
Delaware,Colchester Town PD,2007,2,2,4,0,0,0,2,2,4
Delaware,Colchester Town PD,2008,2,0,2,0,0,0,2,0,2
Delaware,Colchester Town PD,2009,2,0,2,0,0,0,2,0,2
Delaware,Colchester Town PD,2010,2,0,2,0,0,0,2,0,2
Delaware,Colchester Town PD,2011,2,0,2,0,0,0,2,0,2
Delaware,Colchester Town PD,2012,2,0,2,0,0,0,2,0,2
Delaware,Colchester Town PD,2013,0,8,8,0,0,0,0,8,8
Delaware,Colchester Town PD,2014,0,7,7,0,0,0,0,7,7
Delaware,Colchester Town PD,2015,1,9,10,0,1,1,1,10,11
Delaware,Colchester Town PD,2016,1,7,8,0,1,1,1,8,9
Delaware,Colchester Town PD,2017,1,5,6,0,1,1,1,6,7
Delaware,Colchester Town PD,2018,2,5,7,0,1,1,2,6,8
Delaware,Colchester Town PD,2019,2,6,8,0,1,1,2,7,9
Delaware,Colchester Town PD,2020,2,6,8,0,0,0,2,6,8
Delaware,Colchester Town PD,2021,2,5,7,0,1,1,2,6,8
Delaware,Colchester Town PD,2022,2,3,5,0,1,1,2,4,6
Delaware,Colchester Town PD,2023,2,4,6,0,0,0,2,4,6
Delaware,Delaware County Sheriff,2007,15,13,28,12,10,22,27,23,50
Delaware,Delaware County Sheriff,2008,13,13,26,14,11,25,27,24,51
Delaware,Delaware County Sheriff,2009,13,9,22,11,6,17,24,15,39
Delaware,Delaware County Sheriff,2010,16,10,26,11,5,16,27,15,42
Delaware,Delaware County Sheriff,2011,17,10,27,11,7,18,28,17,45
Delaware,Delaware County Sheriff,2012,16,11,27,8,4,12,24,15,39
Delaware,Delaware County Sheriff,2013,17,6,23,13,14,27,30,20,50
Delaware,Delaware County Sheriff,2014,15,6,21,8,8,16,23,14,37
Delaware,Delaware County Sheriff,2015,16,8,24,7,7,14,23,15,38
Delaware,Delaware County Sheriff,2016,16,5,21,8,6,14,24,11,35
Delaware,Delaware County Sheriff,2017,15,7,22,8,8,16,23,15,38
Delaware,Delaware County Sheriff,2018,17,4,21,6,4,10,23,8,31
Delaware,Delaware County Sheriff,2019,18,4,22,4,4,8,22,8,30
Delaware,Delaware County Sheriff,2020,18,3,21,6,3,9,24,6,30
Delaware,Delaware County Sheriff,2021,19,4,23,6,3,9,25,7,32
Delaware,Delaware County Sheriff,2022,18,3,21,7,3,10,25,6,31
Delaware,Delaware County Sheriff,2023,20,4,24,7,3,10,27,7,34
Delaware,Delhi Vg PD,2007,4,8,12,0,1,1,4,9,13
Delaware,Delhi Vg PD,2008,5,7,12,0,0,0,5,7,12
Delaware,Delhi Vg PD,2009,4,7,11,0,1,1,4,8,12
Delaware,Delhi Vg PD,2010,4,6,10,0,1,1,4,7,11
Delaware,Delhi Vg PD,2011,4,6,10,0,1,1,4,7,11
Delaware,Delhi Vg PD,2012,4,10,14,0,0,0,4,10,14
Delaware,Delhi Vg PD,2013,5,9,14,0,0,0,5,9,14
Delaware,Delhi Vg PD,2014,4,9,13,0,0,0,4,9,13
Delaware,Delhi Vg PD,2015,4,8,12,0,0,0,4,8,12
Delaware,Delhi Vg PD,2016,4,9,13,0,0,0,4,9,13
Delaware,Delhi Vg PD,2017,4,9,13,0,0,0,4,9,13
Delaware,Delhi Vg PD,2018,4,10,14,0,0,0,4,10,14
Delaware,Delhi Vg PD,2019,5,12,17,0,0,0,5,12,17
Delaware,Delhi Vg PD,2020,5,13,18,0,0,0,5,13,18
Delaware,Delhi Vg PD,2021,5,15,20,0,0,0,5,15,20
Delaware,Delhi Vg PD,2022,5,14,19,0,1,1,5,15,20
Delaware,Delhi Vg PD,2023,5,13,18,0,1,1,5,14,19
Delaware,Hancock Vg PD,2007,0,5,5,0,2,2,0,7,7
Delaware,Hancock Vg PD,2008,0,5,5,0,3,3,0,8,8
Delaware,Hancock Vg PD,2009,0,7,7,0,3,3,0,10,10
Delaware,Hancock Vg PD,2010,0,7,7,0,3,3,0,10,10
Delaware,Hancock Vg PD,2011,0,7,7,0,4,4,0,11,11
Delaware,Hancock Vg PD,2012,0,4,4,0,4,4,0,8,8
Delaware,Hancock Vg PD,2013,0,8,8,0,0,0,0,8,8
Delaware,Hancock Vg PD,2014,2,7,9,0,0,0,2,7,9
Delaware,Hancock Vg PD,2015,2,7,9,0,0,0,2,7,9
Delaware,Hancock Vg PD,2016,2,7,9,0,0,0,2,7,9
Delaware,Hancock Vg PD,2017,2,8,10,0,0,0,2,8,10
Delaware,Hancock Vg PD,2022,1,5,6,0,0,0,1,5,6
Delaware,Hancock Vg PD,2023,1,8,9,0,0,0,1,8,9
Delaware,Sidney Vg PD,2007,8,0,8,0,0,0,8,0,8
Delaware,Sidney Vg PD,2008,9,0,9,0,0,0,9,0,9
Delaware,Sidney Vg PD,2009,8,0,8,0,0,0,8,0,8
Delaware,Sidney Vg PD,2010,8,0,8,0,0,0,8,0,8
Delaware,Sidney Vg PD,2011,8,0,8,0,0,0,8,0,8
Delaware,Sidney Vg PD,2012,8,0,8,0,0,0,8,0,8
Delaware,Sidney Vg PD,2013,8,0,8,0,0,0,8,0,8
Delaware,Sidney Vg PD,2014,8,0,8,0,1,1,8,1,9
Delaware,Sidney Vg PD,2015,8,0,8,0,1,1,8,1,9
Delaware,Sidney Vg PD,2016,7,0,7,1,0,1,8,0,8
Delaware,Sidney Vg PD,2017,7,0,7,1,0,1,8,0,8
Delaware,Sidney Vg PD,2018,8,0,8,0,1,1,8,1,9
Delaware,Sidney Vg PD,2019,8,1,9,0,0,0,8,1,9
Delaware,Sidney Vg PD,2020,8,1,9,0,0,0,8,1,9
Delaware,Sidney Vg PD,2021,8,0,8,0,1,1,8,1,9
Delaware,Sidney Vg PD,2022,8,0,8,0,1,1,8,1,9
Delaware,Sidney Vg PD,2023,8,0,8,0,1,1,8,1,9
Delaware,SUNY Police - Delhi,2009,11,0,11,3,4,7,14,4,18
Delaware,SUNY Police - Delhi,2010,11,0,11,2,2,4,13,2,15
Delaware,SUNY Police - Delhi,2011,10,0,10,2,2,4,12,2,14
Delaware,SUNY Police - Delhi,2012,11,0,11,2,2,4,13,2,15
Delaware,SUNY Police - Delhi,2013,11,0,11,3,1,4,14,1,15
Delaware,SUNY Police - Delhi,2014,11,0,11,3,1,4,14,1,15
Delaware,SUNY Police - Delhi,2015,10,0,10,2,2,4,12,2,14
Delaware,SUNY Police - Delhi,2016,11,0,11,2,2,4,13,2,15
Delaware,SUNY Police - Delhi,2017,9,0,9,4,1,5,13,1,14
Delaware,SUNY Police - Delhi,2018,12,0,12,3,1,4,15,1,16
Delaware,SUNY Police - Delhi,2019,12,0,12,2,1,3,14,1,15
Delaware,SUNY Police - Delhi,2020,12,0,12,4,1,5,16,1,17
Delaware,SUNY Police - Delhi,2021,12,0,12,4,0,4,16,0,16
Delaware,SUNY Police - Delhi,2022,12,0,12,4,0,4,16,0,16
Delaware,SUNY Police - Delhi,2023,11,0,11,5,0,5,16,0,16
Delaware,Walton Vg PD,2007,6,5,11,1,0,1,7,5,12
Delaware,Walton Vg PD,2008,6,4,10,1,0,1,7,4,11
Delaware,Walton Vg PD,2009,6,7,13,1,0,1,7,7,14
Delaware,Walton Vg PD,2010,6,9,15,1,0,1,7,9,16
Delaware,Walton Vg PD,2011,5,7,12,1,0,1,6,7,13
Delaware,Walton Vg PD,2012,4,11,15,1,0,1,5,11,16
Delaware,Walton Vg PD,2013,4,12,16,1,0,1,5,12,17
Delaware,Walton Vg PD,2014,4,13,17,0,1,1,4,14,18
Delaware,Walton Vg PD,2015,4,15,19,0,1,1,4,16,20
Delaware,Walton Vg PD,2016,5,14,19,0,1,1,5,15,20
Delaware,Walton Vg PD,2017,4,13,17,0,1,1,4,14,18
Delaware,Walton Vg PD,2018,5,13,18,0,1,1,5,14,19
Delaware,Walton Vg PD,2019,5,13,18,0,1,1,5,14,19
Delaware,Walton Vg PD,2021,5,15,20,0,1,1,5,16,21
Dutchess,Beacon City PD,2007,34,0,34,2,8,10,36,8,44
Dutchess,Beacon City PD,2008,35,0,35,2,0,2,37,0,37
Dutchess,Beacon City PD,2009,35,0,35,2,0,2,37,0,37
Dutchess,Beacon City PD,2010,35,0,35,2,0,2,37,0,37
Dutchess,Beacon City PD,2011,31,0,31,2,0,2,33,0,33
Dutchess,Beacon City PD,2012,31,0,31,3,0,3,34,0,34
Dutchess,Beacon City PD,2013,29,0,29,2,0,2,31,0,31
Dutchess,Beacon City PD,2014,31,0,31,2,0,2,33,0,33
Dutchess,Beacon City PD,2015,34,0,34,2,0,2,36,0,36
Dutchess,Beacon City PD,2016,34,0,34,2,1,3,36,1,37
Dutchess,Beacon City PD,2017,35,0,35,2,2,4,37,2,39
Dutchess,Beacon City PD,2018,34,0,34,2,1,3,36,1,37
Dutchess,Beacon City PD,2019,35,0,35,2,2,4,37,2,39
Dutchess,Beacon City PD,2020,33,0,33,3,0,3,36,0,36
Dutchess,Beacon City PD,2021,31,0,31,3,0,3,34,0,34
Dutchess,Beacon City PD,2022,32,0,32,4,0,4,36,0,36
Dutchess,Beacon City PD,2023,32,0,32,4,1,5,36,1,37
Dutchess,Dutchess County Sheriff,2007,112,35,147,23,1,24,135,36,171
Dutchess,Dutchess County Sheriff,2008,110,44,154,21,0,21,131,44,175
Dutchess,Dutchess County Sheriff,2009,107,48,155,33,2,35,140,50,190
Dutchess,Dutchess County Sheriff,2010,105,62,167,33,1,34,138,63,201
Dutchess,Dutchess County Sheriff,2011,105,32,137,33,0,33,138,32,170
Dutchess,Dutchess County Sheriff,2012,95,43,138,33,1,34,128,44,172
Dutchess,Dutchess County Sheriff,2013,98,47,145,30,0,30,128,47,175
Dutchess,Dutchess County Sheriff,2014,104,38,142,23,0,23,127,38,165
Dutchess,Dutchess County Sheriff,2015,102,34,136,36,0,36,138,34,172
Dutchess,Dutchess County Sheriff,2016,99,36,135,30,4,34,129,40,169
Dutchess,Dutchess County Sheriff,2017,104,37,141,36,4,40,140,41,181
Dutchess,Dutchess County Sheriff,2018,109,28,137,37,4,41,146,32,178
Dutchess,Dutchess County Sheriff,2019,105,27,132,22,0,22,127,27,154
Dutchess,Dutchess County Sheriff,2020,105,24,129,22,0,22,127,24,151
Dutchess,Dutchess County Sheriff,2021,101,18,119,23,3,26,124,21,145
Dutchess,Dutchess County Sheriff,2022,101,14,115,23,3,26,124,17,141
Dutchess,Dutchess County Sheriff,2023,109,16,125,9,3,12,118,19,137
Dutchess,East Fishkill Town PD,2007,28,0,28,10,0,10,38,0,38
Dutchess,East Fishkill Town PD,2008,32,0,32,7,3,10,39,3,42
Dutchess,East Fishkill Town PD,2009,32,0,32,8,2,10,40,2,42
Dutchess,East Fishkill Town PD,2010,32,0,32,9,1,10,41,1,42
Dutchess,East Fishkill Town PD,2011,32,0,32,8,1,9,40,1,41
Dutchess,East Fishkill Town PD,2012,32,0,32,8,1,9,40,1,41
Dutchess,East Fishkill Town PD,2013,32,0,32,8,1,9,40,1,41
Dutchess,East Fishkill Town PD,2014,29,0,29,8,1,9,37,1,38
Dutchess,East Fishkill Town PD,2015,29,0,29,9,1,10,38,1,39
Dutchess,East Fishkill Town PD,2016,29,0,29,9,1,10,38,1,39
Dutchess,East Fishkill Town PD,2017,29,0,29,10,1,11,39,1,40
Dutchess,East Fishkill Town PD,2018,27,0,27,7,3,10,34,3,37
Dutchess,East Fishkill Town PD,2019,26,0,26,7,3,10,33,3,36
Dutchess,East Fishkill Town PD,2020,26,0,26,7,4,11,33,4,37
Dutchess,East Fishkill Town PD,2021,29,0,29,8,1,9,37,1,38
Dutchess,East Fishkill Town PD,2022,26,0,26,7,2,9,33,2,35
Dutchess,East Fishkill Town PD,2023,27,0,27,8,3,11,35,3,38
Dutchess,Fishkill Town PD,2007,0,43,43,4,13,17,4,56,60
Dutchess,Fishkill Town PD,2008,0,42,42,4,13,17,4,55,59
Dutchess,Fishkill Town PD,2009,0,41,41,4,12,16,4,53,57
Dutchess,Fishkill Town PD,2010,0,45,45,4,11,15,4,56,60
Dutchess,Fishkill Town PD,2011,0,44,44,4,11,15,4,55,59
Dutchess,Fishkill Town PD,2012,0,45,45,4,10,14,4,55,59
Dutchess,Fishkill Town PD,2013,0,45,45,4,11,15,4,56,60
Dutchess,Fishkill Town PD,2014,0,43,43,4,10,14,4,53,57
Dutchess,Fishkill Town PD,2015,0,46,46,4,10,14,4,56,60
Dutchess,Fishkill Town PD,2016,0,40,40,4,12,16,4,52,56
Dutchess,Fishkill Town PD,2017,0,43,43,4,13,17,4,56,60
Dutchess,Fishkill Town PD,2018,0,45,45,4,7,11,4,52,56
Dutchess,Fishkill Town PD,2019,0,47,47,3,6,9,3,53,56
Dutchess,Fishkill Town PD,2020,0,47,47,3,8,11,3,55,58
Dutchess,Fishkill Town PD,2021,0,44,44,2,8,10,2,52,54
Dutchess,Fishkill Town PD,2022,0,42,42,2,11,13,2,53,55
Dutchess,Fishkill Town PD,2023,0,45,45,2,10,12,2,55,57
Dutchess,Fishkill Vg PD,2009,0,25,25,0,0,0,0,25,25
Dutchess,Fishkill Vg PD,2010,0,24,24,0,0,0,0,24,24
Dutchess,Fishkill Vg PD,2011,0,25,25,0,0,0,0,25,25
Dutchess,Fishkill Vg PD,2012,0,25,25,0,0,0,0,25,25
Dutchess,Fishkill Vg PD,2013,0,25,25,0,0,0,0,25,25
Dutchess,Fishkill Vg PD,2014,0,26,26,0,0,0,0,26,26
Dutchess,Fishkill Vg PD,2015,0,22,22,0,0,0,0,22,22
Dutchess,Fishkill Vg PD,2017,0,25,25,0,0,0,0,25,25
Dutchess,Fishkill Vg PD,2018,0,24,24,0,0,0,0,24,24
Dutchess,Fishkill Vg PD,2019,0,25,25,0,1,1,0,26,26
Dutchess,Fishkill Vg PD,2020,0,27,27,0,1,1,0,28,28
Dutchess,Fishkill Vg PD,2022,0,27,27,0,2,2,0,29,29
Dutchess,Fishkill Vg PD,2023,0,24,24,0,2,2,0,26,26
Dutchess,Hyde Park Town PD,2007,14,2,16,3,5,8,17,7,24
Dutchess,Hyde Park Town PD,2008,16,2,18,3,5,8,19,7,26
Dutchess,Hyde Park Town PD,2009,12,4,16,3,8,11,15,12,27
Dutchess,Hyde Park Town PD,2010,12,5,17,3,6,9,15,11,26
Dutchess,Hyde Park Town PD,2011,14,4,18,3,5,8,17,9,26
Dutchess,Hyde Park Town PD,2013,13,8,21,3,8,11,16,16,32
Dutchess,Hyde Park Town PD,2016,14,8,22,0,0,0,14,8,22
Dutchess,Hyde Park Town PD,2017,14,9,23,3,8,11,17,17,34
Dutchess,Hyde Park Town PD,2018,14,9,23,3,10,13,17,19,36
Dutchess,Hyde Park Town PD,2019,15,9,24,3,10,13,18,19,37
Dutchess,Hyde Park Town PD,2021,16,11,27,4,3,7,20,14,34
Dutchess,Hyde Park Town PD,2022,17,10,27,4,8,12,21,18,39
Dutchess,Hyde Park Town PD,2023,18,8,26,4,6,10,22,14,36
Dutchess,Millbrook Vg PD,2007,0,9,9,0,0,0,0,9,9
Dutchess,Millbrook Vg PD,2008,0,7,7,0,0,0,0,7,7
Dutchess,Millbrook Vg PD,2009,0,8,8,0,0,0,0,8,8
Dutchess,Millbrook Vg PD,2010,0,7,7,0,0,0,0,7,7
Dutchess,Millbrook Vg PD,2011,0,7,7,0,0,0,0,7,7
Dutchess,Millbrook Vg PD,2013,0,5,5,0,0,0,0,5,5
Dutchess,Millbrook Vg PD,2014,0,6,6,0,0,0,0,6,6
Dutchess,Millbrook Vg PD,2016,0,5,5,0,1,1,0,6,6
Dutchess,Millerton Vg PD,2012,0,7,7,0,0,0,0,7,7
Dutchess,Millerton Vg PD,2013,0,6,6,0,0,0,0,6,6
Dutchess,Millerton Vg PD,2014,0,7,7,0,0,0,0,7,7
Dutchess,Millerton Vg PD,2015,0,8,8,0,0,0,0,8,8
Dutchess,Millerton Vg PD,2016,0,8,8,0,0,0,0,8,8
Dutchess,Millerton Vg PD,2017,0,7,7,0,0,0,0,7,7
Dutchess,Millerton Vg PD,2018,0,7,7,0,0,0,0,7,7
Dutchess,Millerton Vg PD,2019,0,7,7,0,1,1,0,8,8
Dutchess,Millerton Vg PD,2020,0,9,9,0,1,1,0,10,10
Dutchess,Millerton Vg PD,2021,0,9,9,0,1,1,0,10,10
Dutchess,Millerton Vg PD,2022,0,7,7,0,1,1,0,8,8
Dutchess,Millerton Vg PD,2023,0,6,6,0,0,0,0,6,6
Dutchess,Pine Plains Town PD,2007,0,9,9,0,0,0,0,9,9
Dutchess,Pine Plains Town PD,2008,0,9,9,0,0,0,0,9,9
Dutchess,Pine Plains Town PD,2009,0,10,10,0,0,0,0,10,10
Dutchess,Pine Plains Town PD,2010,0,7,7,0,0,0,0,7,7
Dutchess,Pine Plains Town PD,2011,0,7,7,0,0,0,0,7,7
Dutchess,Pine Plains Town PD,2012,0,9,9,0,0,0,0,9,9
Dutchess,Pine Plains Town PD,2013,0,8,8,0,0,0,0,8,8
Dutchess,Pine Plains Town PD,2023,0,6,6,0,0,0,0,6,6
Dutchess,Poughkeepsie City PD,2007,107,0,107,34,0,34,141,0,141
Dutchess,Poughkeepsie City PD,2008,106,0,106,35,0,35,141,0,141
Dutchess,Poughkeepsie City PD,2009,104,0,104,34,0,34,138,0,138
Dutchess,Poughkeepsie City PD,2010,100,0,100,35,0,35,135,0,135
Dutchess,Poughkeepsie City PD,2011,96,0,96,34,0,34,130,0,130
Dutchess,Poughkeepsie City PD,2012,100,0,100,35,0,35,135,0,135
Dutchess,Poughkeepsie City PD,2013,91,0,91,33,0,33,124,0,124
Dutchess,Poughkeepsie City PD,2014,95,0,95,33,2,35,128,2,130
Dutchess,Poughkeepsie City PD,2015,96,0,96,34,1,35,130,1,131
Dutchess,Poughkeepsie City PD,2016,91,0,91,34,0,34,125,0,125
Dutchess,Poughkeepsie City PD,2017,88,0,88,34,0,34,122,0,122
Dutchess,Poughkeepsie City PD,2018,84,0,84,30,0,30,114,0,114
Dutchess,Poughkeepsie City PD,2019,89,0,89,27,0,27,116,0,116
Dutchess,Poughkeepsie City PD,2020,89,0,89,26,0,26,115,0,115
Dutchess,Poughkeepsie City PD,2021,85,0,85,27,1,28,112,1,113
Dutchess,Poughkeepsie City PD,2022,83,0,83,26,1,27,109,1,110
Dutchess,Poughkeepsie City PD,2023,83,0,83,26,1,27,109,1,110
Dutchess,Poughkeepsie Town PD,2007,87,0,87,11,6,17,98,6,104
Dutchess,Poughkeepsie Town PD,2008,84,0,84,12,16,28,96,16,112
Dutchess,Poughkeepsie Town PD,2009,86,0,86,12,16,28,98,16,114
Dutchess,Poughkeepsie Town PD,2010,85,0,85,11,15,26,96,15,111
Dutchess,Poughkeepsie Town PD,2011,83,0,83,12,13,25,95,13,108
Dutchess,Poughkeepsie Town PD,2012,81,0,81,11,12,23,92,12,104
Dutchess,Poughkeepsie Town PD,2013,79,0,79,10,13,23,89,13,102
Dutchess,Poughkeepsie Town PD,2014,79,0,79,11,13,24,90,13,103
Dutchess,Poughkeepsie Town PD,2015,78,0,78,11,12,23,89,12,101
Dutchess,Poughkeepsie Town PD,2016,80,0,80,11,12,23,91,12,103
Dutchess,Poughkeepsie Town PD,2017,80,0,80,13,9,22,93,9,102
Dutchess,Poughkeepsie Town PD,2018,81,0,81,12,9,21,93,9,102
Dutchess,Poughkeepsie Town PD,2019,76,0,76,13,11,24,89,11,100
Dutchess,Poughkeepsie Town PD,2020,80,0,80,15,9,24,95,9,104
Dutchess,Poughkeepsie Town PD,2021,81,0,81,14,11,25,95,11,106
Dutchess,Poughkeepsie Town PD,2022,79,0,79,12,11,23,91,11,102
Dutchess,Poughkeepsie Town PD,2023,79,0,79,13,11,24,92,11,103
Dutchess,Red Hook Vg PD,2007,2,11,13,0,1,1,2,12,14
Dutchess,Red Hook Vg PD,2009,2,10,12,0,1,1,2,11,13
Dutchess,Red Hook Vg PD,2010,2,12,14,1,0,1,3,12,15
Dutchess,Red Hook Vg PD,2011,2,12,14,0,1,1,2,13,15
Dutchess,Red Hook Vg PD,2012,2,11,13,0,1,1,2,12,14
Dutchess,Red Hook Vg PD,2013,2,12,14,0,0,0,2,12,14
Dutchess,Red Hook Vg PD,2014,2,11,13,0,1,1,2,12,14
Dutchess,Red Hook Vg PD,2019,3,9,12,0,1,1,3,10,13
Dutchess,Red Hook Vg PD,2020,3,9,12,0,1,1,3,10,13
Dutchess,Red Hook Vg PD,2021,4,10,14,0,1,1,4,11,15
Dutchess,Red Hook Vg PD,2022,4,4,8,0,0,0,4,4,8
Dutchess,Red Hook Vg PD,2023,6,5,11,0,1,1,6,6,12
Dutchess,Rhinebeck Vg PD,2007,0,13,13,0,1,1,0,14,14
Dutchess,Rhinebeck Vg PD,2008,0,14,14,0,0,0,0,14,14
Dutchess,Rhinebeck Vg PD,2009,0,14,14,0,1,1,0,15,15
Dutchess,Rhinebeck Vg PD,2010,0,14,14,0,1,1,0,15,15
Dutchess,Rhinebeck Vg PD,2011,0,14,14,0,1,1,0,15,15
Dutchess,Rhinebeck Vg PD,2012,0,12,12,0,1,1,0,13,13
Dutchess,Rhinebeck Vg PD,2013,0,14,14,0,1,1,0,15,15
Dutchess,Rhinebeck Vg PD,2014,0,14,14,0,1,1,0,15,15
Dutchess,Rhinebeck Vg PD,2015,0,13,13,0,1,1,0,14,14
Dutchess,Rhinebeck Vg PD,2016,0,13,13,0,1,1,0,14,14
Dutchess,Rhinebeck Vg PD,2017,0,14,14,0,1,1,0,15,15
Dutchess,Rhinebeck Vg PD,2018,0,15,15,0,1,1,0,16,16
Dutchess,Rhinebeck Vg PD,2019,0,15,15,0,1,1,0,16,16
Dutchess,Rhinebeck Vg PD,2020,0,14,14,1,0,1,1,14,15
Dutchess,Rhinebeck Vg PD,2021,0,15,15,1,0,1,1,15,16
Dutchess,Rhinebeck Vg PD,2022,0,16,16,1,0,1,1,16,17
Dutchess,Rhinebeck Vg PD,2023,0,14,14,1,0,1,1,14,15
Dutchess,Wappingers Falls Vg PD,2007,2,22,24,2,14,16,4,36,40
Dutchess,Wappingers Falls Vg PD,2008,4,24,28,3,9,12,7,33,40
Dutchess,Wappingers Falls Vg PD,2009,3,27,30,3,11,14,6,38,44
Dutchess,Wappingers Falls Vg PD,2010,4,31,35,3,10,13,7,41,48
Dutchess,Wappingers Falls Vg PD,2011,4,33,37,3,11,14,7,44,51
Dutchess,Wappingers Falls Vg PD,2012,3,33,36,3,8,11,6,41,47
Dutchess,Wappingers Falls Vg PD,2013,2,29,31,3,11,14,5,40,45
Dutchess,Wappingers Falls Vg PD,2014,3,22,25,3,10,13,6,32,38
Dutchess,Wappingers Falls Vg PD,2015,3,26,29,2,4,6,5,30,35
Dutchess,Wappingers Falls Vg PD,2016,1,23,24,2,6,8,3,29,32
Dutchess,Wappingers Falls Vg PD,2017,1,27,28,3,3,6,4,30,34
Dutchess,Wappingers Falls Vg PD,2019,4,14,18,3,4,7,7,18,25
Dutchess,Wappingers Falls Vg PD,2020,2,17,19,2,5,7,4,22,26
Dutchess,Wappingers Falls Vg PD,2021,4,15,19,3,8,11,7,23,30
Dutchess,Wappingers Falls Vg PD,2022,4,15,19,2,8,10,6,23,29
Dutchess,Wappingers Falls Vg PD,2023,4,18,22,3,7,10,7,25,32
Erie,Akron Vg PD,2007,2,13,15,0,3,3,2,16,18
Erie,Akron Vg PD,2008,2,10,12,0,3,3,2,13,15
Erie,Akron Vg PD,2009,2,11,13,0,5,5,2,16,18
Erie,Akron Vg PD,2010,1,11,12,0,5,5,1,16,17
Erie,Akron Vg PD,2011,1,14,15,0,6,6,1,20,21
Erie,Akron Vg PD,2012,1,13,14,0,4,4,1,17,18
Erie,Akron Vg PD,2013,1,14,15,0,3,3,1,17,18
Erie,Akron Vg PD,2014,1,15,16,0,4,4,1,19,20
Erie,Akron Vg PD,2015,1,15,16,0,5,5,1,20,21
Erie,Akron Vg PD,2016,1,13,14,0,0,0,1,13,14
Erie,Akron Vg PD,2017,1,17,18,0,0,0,1,17,18
Erie,Akron Vg PD,2018,1,14,15,0,0,0,1,14,15
Erie,Akron Vg PD,2019,2,14,16,0,0,0,2,14,16
Erie,Akron Vg PD,2020,1,16,17,0,5,5,1,21,22
Erie,Akron Vg PD,2021,1,15,16,0,0,0,1,15,16
Erie,Akron Vg PD,2022,1,13,14,0,6,6,1,19,20
Erie,Akron Vg PD,2023,2,12,14,0,0,0,2,12,14
Erie,Amherst Town PD,2007,146,0,146,44,58,102,190,58,248
Erie,Amherst Town PD,2008,153,0,153,36,21,57,189,21,210
Erie,Amherst Town PD,2009,152,0,152,33,46,79,185,46,231
Erie,Amherst Town PD,2010,157,0,157,36,55,91,193,55,248
Erie,Amherst Town PD,2011,153,0,153,28,54,82,181,54,235
Erie,Amherst Town PD,2012,153,0,153,29,54,83,182,54,236
Erie,Amherst Town PD,2013,152,0,152,30,57,87,182,57,239
Erie,Amherst Town PD,2014,152,0,152,29,56,85,181,56,237
Erie,Amherst Town PD,2015,151,0,151,28,57,85,179,57,236
Erie,Amherst Town PD,2016,149,0,149,30,53,83,179,53,232
Erie,Amherst Town PD,2017,152,0,152,30,60,90,182,60,242
Erie,Amherst Town PD,2018,151,0,151,30,60,90,181,60,241
Erie,Amherst Town PD,2019,152,0,152,28,58,86,180,58,238
Erie,Amherst Town PD,2020,155,0,155,28,65,93,183,65,248
Erie,Amherst Town PD,2021,153,0,153,31,55,86,184,55,239
Erie,Amherst Town PD,2022,154,0,154,33,51,84,187,51,238
Erie,Amherst Town PD,2023,154,0,154,33,56,89,187,56,243
Erie,Blasdell Vg PD,2022,0,26,26,0,0,0,0,26,26
Erie,Blasdell Vg PD,2023,1,29,30,0,0,0,1,29,30
Erie,Brant Town PD,2007,1,9,10,0,0,0,1,9,10
Erie,Brant Town PD,2009,0,17,17,0,0,0,0,17,17
Erie,Brant Town PD,2010,0,14,14,0,0,0,0,14,14
Erie,Brant Town PD,2011,1,14,15,0,0,0,1,14,15
Erie,Brant Town PD,2012,1,16,17,0,0,0,1,16,17
Erie,Brant Town PD,2013,1,13,14,0,0,0,1,13,14
Erie,Brant Town PD,2014,1,16,17,0,0,0,1,16,17
Erie,Brant Town PD,2015,1,15,16,0,0,0,1,15,16
Erie,Brant Town PD,2016,1,15,16,0,0,0,1,15,16
Erie,Brant Town PD,2017,1,15,16,0,0,0,1,15,16
Erie,Brant Town PD,2019,1,15,16,0,1,1,1,16,17
Erie,Brant Town PD,2020,1,14,15,0,1,1,1,15,16
Erie,Brant Town PD,2021,1,16,17,0,1,1,1,17,18
Erie,Brant Town PD,2022,0,11,11,0,1,1,0,12,12
Erie,Brant Town PD,2023,0,14,14,0,1,1,0,15,15
Erie,Buffalo City PD,2007,708,0,708,148,153,301,856,153,1009
Erie,Buffalo City PD,2008,800,0,800,143,146,289,943,146,1089
Erie,Buffalo City PD,2009,796,0,796,148,136,284,944,136,1080
Erie,Buffalo City PD,2010,768,0,768,150,137,287,918,137,1055
Erie,Buffalo City PD,2011,736,0,736,145,143,288,881,143,1024
Erie,Buffalo City PD,2012,759,0,759,164,140,304,923,140,1063
Erie,Buffalo City PD,2013,741,0,741,175,124,299,916,124,1040
Erie,Buffalo City PD,2014,737,0,737,174,121,295,911,121,1032
Erie,Buffalo City PD,2015,724,0,724,186,116,302,910,116,1026
Erie,Buffalo City PD,2016,693,0,693,207,115,322,900,115,1015
Erie,Buffalo City PD,2017,781,0,781,201,107,308,982,107,1089
Erie,Buffalo City PD,2018,784,0,784,189,102,291,973,102,1075
Erie,Buffalo City PD,2019,729,0,729,179,113,292,908,113,1021
Erie,Buffalo City PD,2021,722,0,722,173,104,277,895,104,999
Erie,Buffalo City PD,2022,759,0,759,162,108,270,921,108,1029
Erie,Buffalo City PD,2023,750,0,750,182,104,286,932,104,1036
Erie,Cheektowaga Town PD,2007,127,0,127,41,74,115,168,74,242
Erie,Cheektowaga Town PD,2008,129,0,129,36,70,106,165,70,235
Erie,Cheektowaga Town PD,2009,127,0,127,41,69,110,168,69,237
Erie,Cheektowaga Town PD,2010,126,0,126,44,70,114,170,70,240
Erie,Cheektowaga Town PD,2011,125,0,125,41,74,115,166,74,240
Erie,Cheektowaga Town PD,2012,128,0,128,39,82,121,167,82,249
Erie,Cheektowaga Town PD,2013,129,0,129,38,86,124,167,86,253
Erie,Cheektowaga Town PD,2014,129,0,129,38,81,119,167,81,248
Erie,Cheektowaga Town PD,2015,127,0,127,38,81,119,165,81,246
Erie,Cheektowaga Town PD,2016,126,0,126,36,78,114,162,78,240
Erie,Cheektowaga Town PD,2017,122,0,122,37,80,117,159,80,239
Erie,Cheektowaga Town PD,2018,123,0,123,35,79,114,158,79,237
Erie,Cheektowaga Town PD,2019,117,0,117,37,76,113,154,76,230
Erie,Cheektowaga Town PD,2020,119,0,119,37,76,113,156,76,232
Erie,Cheektowaga Town PD,2021,124,0,124,35,64,99,159,64,223
Erie,Cheektowaga Town PD,2022,121,0,121,35,77,112,156,77,233
Erie,Cheektowaga Town PD,2023,127,0,127,34,75,109,161,75,236
Erie,Depew Vg PD,2007,29,0,29,7,12,19,36,12,48
Erie,Depew Vg PD,2008,28,0,28,6,13,19,34,13,47
Erie,Depew Vg PD,2009,31,0,31,6,10,16,37,10,47
Erie,Depew Vg PD,2010,26,0,26,6,11,17,32,11,43
Erie,Depew Vg PD,2011,30,0,30,5,5,10,35,5,40
Erie,Depew Vg PD,2012,29,0,29,5,3,8,34,3,37
Erie,Depew Vg PD,2013,29,0,29,6,9,15,35,9,44
Erie,Depew Vg PD,2014,29,0,29,6,10,16,35,10,45
Erie,Depew Vg PD,2015,28,0,28,6,10,16,34,10,44
Erie,Depew Vg PD,2016,29,0,29,5,11,16,34,11,45
Erie,Depew Vg PD,2017,28,0,28,6,11,17,34,11,45
Erie,Depew Vg PD,2018,30,0,30,6,13,19,36,13,49
Erie,Depew Vg PD,2019,29,0,29,6,10,16,35,10,45
Erie,Depew Vg PD,2020,27,0,27,6,5,11,33,5,38
Erie,Depew Vg PD,2021,30,0,30,7,5,12,37,5,42
Erie,Depew Vg PD,2022,28,0,28,9,5,14,37,5,42
Erie,Depew Vg PD,2023,28,0,28,8,4,12,36,4,40
Erie,East Aurora-Town Of Aurora PD,2007,16,0,16,5,8,13,21,8,29
Erie,East Aurora-Town Of Aurora PD,2008,17,0,17,5,7,12,22,7,29
Erie,East Aurora-Town Of Aurora PD,2009,17,0,17,5,7,12,22,7,29
Erie,East Aurora-Town Of Aurora PD,2010,17,0,17,5,15,20,22,15,37
Erie,East Aurora-Town Of Aurora PD,2011,17,0,17,4,9,13,21,9,30
Erie,East Aurora-Town Of Aurora PD,2012,15,1,16,4,18,22,19,19,38
Erie,East Aurora-Town Of Aurora PD,2013,15,1,16,4,17,21,19,18,37
Erie,East Aurora-Town Of Aurora PD,2014,15,1,16,4,18,22,19,19,38
Erie,East Aurora-Town Of Aurora PD,2015,15,1,16,4,17,21,19,18,37
Erie,East Aurora-Town Of Aurora PD,2016,15,1,16,5,17,22,20,18,38
Erie,East Aurora-Town Of Aurora PD,2017,15,1,16,5,15,20,20,16,36
Erie,East Aurora-Town Of Aurora PD,2018,15,1,16,5,15,20,20,16,36
Erie,East Aurora-Town Of Aurora PD,2019,16,1,17,5,14,19,21,15,36
Erie,East Aurora-Town Of Aurora PD,2020,16,1,17,5,13,18,21,14,35
Erie,East Aurora-Town Of Aurora PD,2021,15,0,15,5,12,17,20,12,32
Erie,East Aurora-Town Of Aurora PD,2022,17,0,17,4,12,16,21,12,33
Erie,East Aurora-Town Of Aurora PD,2023,18,1,19,5,12,17,23,13,36
Erie,Eden Town PD,2007,4,9,13,1,8,9,5,17,22
Erie,Eden Town PD,2009,4,8,12,1,7,8,5,15,20
Erie,Eden Town PD,2010,4,10,14,1,6,7,5,16,21
Erie,Eden Town PD,2011,4,10,14,1,7,8,5,17,22
Erie,Eden Town PD,2012,4,10,14,1,7,8,5,17,22
Erie,Eden Town PD,2013,4,10,14,1,7,8,5,17,22
Erie,Eden Town PD,2014,4,10,14,1,8,9,5,18,23
Erie,Eden Town PD,2015,4,9,13,1,8,9,5,17,22
Erie,Eden Town PD,2016,4,10,14,1,8,9,5,18,23
Erie,Eden Town PD,2017,4,9,13,1,7,8,5,16,21
Erie,Eden Town PD,2018,4,11,15,1,8,9,5,19,24
Erie,Eden Town PD,2019,3,14,17,1,8,9,4,22,26
Erie,Eden Town PD,2020,1,16,17,1,7,8,2,23,25
Erie,Eden Town PD,2021,3,12,15,0,6,6,3,18,21
Erie,Eden Town PD,2022,2,14,16,0,8,8,2,22,24
Erie,Eden Town PD,2023,3,12,15,0,6,6,3,18,21
Erie,Erie County Sheriff,2007,142,11,153,28,1,29,170,12,182
Erie,Erie County Sheriff,2008,143,11,154,34,1,35,177,12,189
Erie,Erie County Sheriff,2009,147,13,160,44,1,45,191,14,205
Erie,Erie County Sheriff,2010,151,16,167,45,1,46,196,17,213
Erie,Erie County Sheriff,2011,133,9,142,24,1,25,157,10,167
Erie,Erie County Sheriff,2012,140,10,150,41,1,42,181,11,192
Erie,Erie County Sheriff,2013,140,9,149,40,2,42,180,11,191
Erie,Erie County Sheriff,2014,136,12,148,43,2,45,179,14,193
Erie,Erie County Sheriff,2015,136,15,151,41,1,42,177,16,193
Erie,Erie County Sheriff,2016,147,14,161,50,2,52,197,16,213
Erie,Erie County Sheriff,2017,145,14,159,43,2,45,188,16,204
Erie,Erie County Sheriff,2018,148,14,162,44,1,45,192,15,207
Erie,Erie County Sheriff,2019,144,14,158,41,1,42,185,15,200
Erie,Erie County Sheriff,2020,146,13,159,53,1,54,199,14,213
Erie,Erie County Sheriff,2021,148,12,160,146,1,147,294,13,307
Erie,Erie County Sheriff,2022,157,11,168,148,2,150,305,13,318
Erie,Erie County Sheriff,2023,167,9,176,146,3,149,313,12,325
Erie,Evans Town PD,2007,26,2,28,5,5,10,31,7,38
Erie,Evans Town PD,2008,24,3,27,6,5,11,30,8,38
Erie,Evans Town PD,2009,24,5,29,7,8,15,31,13,44
Erie,Evans Town PD,2010,24,5,29,6,11,17,30,16,46
Erie,Evans Town PD,2011,24,5,29,6,19,25,30,24,54
Erie,Evans Town PD,2012,24,5,29,6,16,22,30,21,51
Erie,Evans Town PD,2013,22,4,26,6,15,21,28,19,47
Erie,Evans Town PD,2014,22,5,27,6,19,25,28,24,52
Erie,Evans Town PD,2015,24,5,29,6,19,25,30,24,54
Erie,Evans Town PD,2016,24,5,29,6,20,26,30,25,55
Erie,Evans Town PD,2017,22,5,27,7,23,30,29,28,57
Erie,Evans Town PD,2018,22,3,25,7,24,31,29,27,56
Erie,Evans Town PD,2019,22,5,27,7,21,28,29,26,55
Erie,Evans Town PD,2020,19,3,22,6,22,28,25,25,50
Erie,Evans Town PD,2021,17,5,22,6,15,21,23,20,43
Erie,Evans Town PD,2022,20,3,23,8,13,21,28,16,44
Erie,Evans Town PD,2023,21,2,23,10,8,18,31,10,41
Erie,Gowanda Vg PD,2007,0,20,20,0,1,1,0,21,21
Erie,Gowanda Vg PD,2008,0,20,20,0,0,0,0,20,20
Erie,Gowanda Vg PD,2009,0,17,17,0,4,4,0,21,21
Erie,Gowanda Vg PD,2010,0,18,18,0,4,4,0,22,22
Erie,Gowanda Vg PD,2011,0,20,20,0,1,1,0,21,21
Erie,Gowanda Vg PD,2012,0,18,18,0,1,1,0,19,19
Erie,Gowanda Vg PD,2013,0,24,24,0,1,1,0,25,25
Erie,Gowanda Vg PD,2014,1,18,19,0,1,1,1,19,20
Erie,Gowanda Vg PD,2015,1,20,21,0,1,1,1,21,22
Erie,Gowanda Vg PD,2016,2,18,20,0,1,1,2,19,21
Erie,Gowanda Vg PD,2017,0,21,21,0,1,1,0,22,22
Erie,Gowanda Vg PD,2018,0,17,17,0,1,1,0,18,18
Erie,Gowanda Vg PD,2019,0,21,21,0,1,1,0,22,22
Erie,Gowanda Vg PD,2020,0,20,20,0,1,1,0,21,21
Erie,Gowanda Vg PD,2021,0,20,20,0,1,1,0,21,21
Erie,Gowanda Vg PD,2022,0,12,12,0,1,1,0,13,13
Erie,Gowanda Vg PD,2023,0,17,17,0,1,1,0,18,18
Erie,Hamburg Town PD,2007,57,0,57,19,12,31,76,12,88
Erie,Hamburg Town PD,2008,62,0,62,18,17,35,80,17,97
Erie,Hamburg Town PD,2009,61,0,61,17,8,25,78,8,86
Erie,Hamburg Town PD,2010,63,0,63,16,7,23,79,7,86
Erie,Hamburg Town PD,2011,61,0,61,17,8,25,78,8,86
Erie,Hamburg Town PD,2012,60,0,60,18,5,23,78,5,83
Erie,Hamburg Town PD,2013,60,0,60,17,7,24,77,7,84
Erie,Hamburg Town PD,2014,62,0,62,18,4,22,80,4,84
Erie,Hamburg Town PD,2015,63,0,63,19,3,22,82,3,85
Erie,Hamburg Town PD,2016,61,0,61,17,3,20,78,3,81
Erie,Hamburg Town PD,2017,62,0,62,3,1,4,65,1,66
Erie,Hamburg Town PD,2018,64,0,64,3,4,7,67,4,71
Erie,Hamburg Town PD,2019,62,0,62,0,4,4,62,4,66
Erie,Hamburg Town PD,2020,62,0,62,2,4,6,64,4,68
Erie,Hamburg Town PD,2021,63,0,63,3,2,5,66,2,68
Erie,Hamburg Town PD,2022,62,0,62,3,3,6,65,3,68
Erie,Hamburg Town PD,2023,64,0,64,4,3,7,68,3,71
Erie,Hamburg Vg PD,2007,15,10,25,2,8,10,17,18,35
Erie,Hamburg Vg PD,2008,14,10,24,2,8,10,16,18,34
Erie,Hamburg Vg PD,2009,13,10,23,2,8,10,15,18,33
Erie,Hamburg Vg PD,2010,13,0,13,1,9,10,14,9,23
Erie,Hamburg Vg PD,2011,14,0,14,1,10,11,15,10,25
Erie,Hamburg Vg PD,2012,13,0,13,1,9,10,14,9,23
Erie,Hamburg Vg PD,2013,13,0,13,1,10,11,14,10,24
Erie,Hamburg Vg PD,2014,13,0,13,1,9,10,14,9,23
Erie,Hamburg Vg PD,2015,13,0,13,1,9,10,14,9,23
Erie,Hamburg Vg PD,2016,13,0,13,1,7,8,14,7,21
Erie,Hamburg Vg PD,2017,12,0,12,1,10,11,13,10,23
Erie,Hamburg Vg PD,2018,14,0,14,1,10,11,15,10,25
Erie,Hamburg Vg PD,2019,14,0,14,1,7,8,15,7,22
Erie,Hamburg Vg PD,2020,13,0,13,1,7,8,14,7,21
Erie,Hamburg Vg PD,2021,12,0,12,1,9,10,13,9,22
Erie,Hamburg Vg PD,2022,14,0,14,1,7,8,15,7,22
Erie,Hamburg Vg PD,2023,13,0,13,1,11,12,14,11,25
Erie,Kenmore Vg PD,2007,24,0,24,0,15,15,24,15,39
Erie,Kenmore Vg PD,2008,25,0,25,0,15,15,25,15,40
Erie,Kenmore Vg PD,2009,26,0,26,0,17,17,26,17,43
Erie,Kenmore Vg PD,2010,25,0,25,0,13,13,25,13,38
Erie,Kenmore Vg PD,2011,25,0,25,0,20,20,25,20,45
Erie,Kenmore Vg PD,2012,25,0,25,0,20,20,25,20,45
Erie,Kenmore Vg PD,2013,24,0,24,0,19,19,24,19,43
Erie,Kenmore Vg PD,2014,25,0,25,0,20,20,25,20,45
Erie,Kenmore Vg PD,2015,25,0,25,0,12,12,25,12,37
Erie,Kenmore Vg PD,2016,25,0,25,0,12,12,25,12,37
Erie,Kenmore Vg PD,2017,25,0,25,0,13,13,25,13,38
Erie,Kenmore Vg PD,2018,25,0,25,0,19,19,25,19,44
Erie,Kenmore Vg PD,2019,26,0,26,4,16,20,30,16,46
Erie,Kenmore Vg PD,2020,25,0,25,4,16,20,29,16,45
Erie,Kenmore Vg PD,2021,25,0,25,4,15,19,29,15,44
Erie,Kenmore Vg PD,2022,25,0,25,4,15,19,29,15,44
Erie,Kenmore Vg PD,2023,25,0,25,4,15,19,29,15,44
Erie,Lackawanna City PD,2007,47,0,47,20,0,20,67,0,67
Erie,Lackawanna City PD,2008,47,0,47,20,0,20,67,0,67
Erie,Lackawanna City PD,2009,48,0,48,7,0,7,55,0,55
Erie,Lackawanna City PD,2010,46,0,46,6,2,8,52,2,54
Erie,Lackawanna City PD,2011,47,0,47,6,2,8,53,2,55
Erie,Lackawanna City PD,2012,47,0,47,7,0,7,54,0,54
Erie,Lackawanna City PD,2013,46,0,46,7,0,7,53,0,53
Erie,Lackawanna City PD,2014,44,0,44,7,0,7,51,0,51
Erie,Lackawanna City PD,2015,44,0,44,7,0,7,51,0,51
Erie,Lackawanna City PD,2016,44,0,44,7,0,7,51,0,51
Erie,Lackawanna City PD,2017,49,0,49,7,0,7,56,0,56
Erie,Lackawanna City PD,2018,47,0,47,0,0,0,47,0,47
Erie,Lackawanna City PD,2019,46,0,46,7,0,7,53,0,53
Erie,Lackawanna City PD,2020,44,0,44,7,0,7,51,0,51
Erie,Lackawanna City PD,2021,43,0,43,8,0,8,51,0,51
Erie,Lackawanna City PD,2022,44,0,44,7,0,7,51,0,51
Erie,Lackawanna City PD,2023,48,0,48,7,0,7,55,0,55
Erie,Lancaster Town PD,2007,49,0,49,15,0,15,64,0,64
Erie,Lancaster Town PD,2008,50,0,50,15,0,15,65,0,65
Erie,Lancaster Town PD,2009,50,0,50,15,0,15,65,0,65
Erie,Lancaster Town PD,2010,49,0,49,15,0,15,64,0,64
Erie,Lancaster Town PD,2011,47,0,47,15,0,15,62,0,62
Erie,Lancaster Town PD,2012,50,0,50,14,0,14,64,0,64
Erie,Lancaster Town PD,2013,49,0,49,15,0,15,64,0,64
Erie,Lancaster Town PD,2014,46,0,46,15,0,15,61,0,61
Erie,Lancaster Town PD,2015,49,0,49,15,0,15,64,0,64
Erie,Lancaster Town PD,2016,49,0,49,15,0,15,64,0,64
Erie,Lancaster Town PD,2017,48,0,48,15,0,15,63,0,63
Erie,Lancaster Town PD,2018,51,0,51,16,0,16,67,0,67
Erie,Lancaster Town PD,2019,52,0,52,15,0,15,67,0,67
Erie,Lancaster Town PD,2020,50,0,50,15,0,15,65,0,65
Erie,Lancaster Town PD,2021,51,0,51,15,0,15,66,0,66
Erie,Lancaster Town PD,2022,51,0,51,15,0,15,66,0,66
Erie,Lancaster Town PD,2023,51,0,51,16,0,16,67,0,67
Erie,Niagara Frontier Transportation Authority PD,2020,79,0,79,4,0,4,83,0,83
Erie,Niagara Frontier Transportation Authority PD,2021,80,0,80,3,0,3,83,0,83
Erie,Niagara Frontier Transportation Authority PD,2022,81,0,81,4,0,4,85,0,85
Erie,Niagara Frontier Transportation Authority PD,2023,83,0,83,5,0,5,88,0,88
Erie,Orchard Park Town PD,2007,33,0,33,5,0,5,38,0,38
Erie,Orchard Park Town PD,2008,33,0,33,5,0,5,38,0,38
Erie,Orchard Park Town PD,2009,32,0,32,4,0,4,36,0,36
Erie,Orchard Park Town PD,2010,30,0,30,4,0,4,34,0,34
Erie,Orchard Park Town PD,2011,29,0,29,4,0,4,33,0,33
Erie,Orchard Park Town PD,2012,29,0,29,4,0,4,33,0,33
Erie,Orchard Park Town PD,2013,31,0,31,10,4,14,41,4,45
Erie,Orchard Park Town PD,2014,31,0,31,10,4,14,41,4,45
Erie,Orchard Park Town PD,2015,31,0,31,8,7,15,39,7,46
Erie,Orchard Park Town PD,2016,31,0,31,8,7,15,39,7,46
Erie,Orchard Park Town PD,2017,32,0,32,9,7,16,41,7,48
Erie,Orchard Park Town PD,2018,32,0,32,10,7,17,42,7,49
Erie,Orchard Park Town PD,2019,35,0,35,11,7,18,46,7,53
Erie,Orchard Park Town PD,2020,36,0,36,11,6,17,47,6,53
Erie,Orchard Park Town PD,2021,36,0,36,12,5,17,48,5,53
Erie,Orchard Park Town PD,2022,36,0,36,10,6,16,46,6,52
Erie,Orchard Park Town PD,2023,38,0,38,13,6,19,51,6,57
Erie,SUNY Police - Buffalo,2007,63,0,63,6,0,6,69,0,69
Erie,SUNY Police - Buffalo,2008,60,0,60,6,0,6,66,0,66
Erie,SUNY Police - Buffalo,2009,62,0,62,6,0,6,68,0,68
Erie,SUNY Police - Buffalo,2010,55,0,55,6,0,6,61,0,61
Erie,SUNY Police - Buffalo,2011,61,0,61,7,0,7,68,0,68
Erie,SUNY Police - Buffalo,2012,61,0,61,9,0,9,70,0,70
Erie,SUNY Police - Buffalo,2014,58,0,58,11,0,11,69,0,69
Erie,SUNY Police - Buffalo,2015,57,0,57,10,0,10,67,0,67
Erie,SUNY Police - Buffalo,2016,56,0,56,13,0,13,69,0,69
Erie,SUNY Police - Buffalo,2017,57,0,57,13,0,13,70,0,70
Erie,SUNY Police - Buffalo,2018,64,0,64,12,0,12,76,0,76
Erie,SUNY Police - Buffalo,2019,62,0,62,12,0,12,74,0,74
Erie,SUNY Police - Buffalo,2020,62,0,62,13,1,14,75,1,76
Erie,SUNY Police - Buffalo,2022,62,0,62,13,0,13,75,0,75
Erie,SUNY Police - Buffalo,2023,57,0,57,15,0,15,72,0,72
Erie,SUNY Police - Buffalo State College,2007,31,0,31,2,0,2,33,0,33
Erie,SUNY Police - Buffalo State College,2008,28,0,28,2,0,2,30,0,30
Erie,SUNY Police - Buffalo State College,2009,33,0,33,2,0,2,35,0,35
Erie,SUNY Police - Buffalo State College,2010,30,0,30,1,0,1,31,0,31
Erie,SUNY Police - Buffalo State College,2011,29,0,29,1,0,1,30,0,30
Erie,SUNY Police - Buffalo State College,2012,32,0,32,2,0,2,34,0,34
Erie,SUNY Police - Buffalo State College,2013,33,0,33,2,0,2,35,0,35
Erie,SUNY Police - Buffalo State College,2014,30,0,30,2,0,2,32,0,32
Erie,SUNY Police - Buffalo State College,2015,32,0,32,2,0,2,34,0,34
Erie,SUNY Police - Buffalo State College,2016,32,0,32,3,0,3,35,0,35
Erie,SUNY Police - Buffalo State College,2017,32,0,32,4,0,4,36,0,36
Erie,SUNY Police - Buffalo State College,2018,31,0,31,5,0,5,36,0,36
Erie,SUNY Police - Buffalo State College,2019,31,0,31,5,0,5,36,0,36
Erie,SUNY Police - Buffalo State College,2020,30,0,30,4,0,4,34,0,34
Erie,SUNY Police - Buffalo State College,2022,29,0,29,6,0,6,35,0,35
Erie,SUNY Police - Buffalo State College,2023,29,0,29,5,0,5,34,0,34
Erie,Tonawanda City PD,2007,29,0,29,5,16,21,34,16,50
Erie,Tonawanda City PD,2008,29,0,29,5,14,19,34,14,48
Erie,Tonawanda City PD,2009,28,0,28,5,13,18,33,13,46
Erie,Tonawanda City PD,2010,28,0,28,5,3,8,33,3,36
Erie,Tonawanda City PD,2011,28,0,28,5,3,8,33,3,36
Erie,Tonawanda City PD,2012,28,0,28,6,1,7,34,1,35
Erie,Tonawanda City PD,2013,28,0,28,6,11,17,34,11,45
Erie,Tonawanda City PD,2014,28,0,28,6,11,17,34,11,45
Erie,Tonawanda City PD,2015,28,0,28,6,11,17,34,11,45
Erie,Tonawanda City PD,2016,27,0,27,6,12,18,33,12,45
Erie,Tonawanda City PD,2017,29,0,29,6,13,19,35,13,48
Erie,Tonawanda City PD,2018,29,3,32,6,9,15,35,12,47
Erie,Tonawanda City PD,2019,28,0,28,6,10,16,34,10,44
Erie,Tonawanda City PD,2020,28,0,28,6,12,18,34,12,46
Erie,Tonawanda City PD,2021,28,0,28,6,8,14,34,8,42
Erie,Tonawanda City PD,2022,29,0,29,6,7,13,35,7,42
Erie,Tonawanda City PD,2023,29,0,29,6,11,17,35,11,46
Erie,Tonawanda Town PD,2007,104,0,104,52,58,110,156,58,214
Erie,Tonawanda Town PD,2008,106,0,106,51,59,110,157,59,216
Erie,Tonawanda Town PD,2009,106,0,106,52,53,105,158,53,211
Erie,Tonawanda Town PD,2010,106,0,106,51,63,114,157,63,220
Erie,Tonawanda Town PD,2011,104,0,104,48,61,109,152,61,213
Erie,Tonawanda Town PD,2012,102,0,102,45,57,102,147,57,204
Erie,Tonawanda Town PD,2013,102,0,102,49,52,101,151,52,203
Erie,Tonawanda Town PD,2014,104,0,104,48,54,102,152,54,206
Erie,Tonawanda Town PD,2015,103,0,103,47,53,100,150,53,203
Erie,Tonawanda Town PD,2016,103,0,103,48,61,109,151,61,212
Erie,Tonawanda Town PD,2017,106,0,106,45,59,104,151,59,210
Erie,Tonawanda Town PD,2018,105,0,105,46,57,103,151,57,208
Erie,Tonawanda Town PD,2019,100,0,100,46,58,104,146,58,204
Erie,Tonawanda Town PD,2020,100,0,100,47,54,101,147,54,201
Erie,Tonawanda Town PD,2021,98,0,98,44,65,109,142,65,207
Erie,Tonawanda Town PD,2022,99,0,99,44,63,107,143,63,206
Erie,Tonawanda Town PD,2023,95,0,95,46,59,105,141,59,200
Erie,West Seneca Town PD,2007,66,0,66,14,33,47,80,33,113
Erie,West Seneca Town PD,2008,66,0,66,14,30,44,80,30,110
Erie,West Seneca Town PD,2009,64,0,64,14,27,41,78,27,105
Erie,West Seneca Town PD,2010,66,0,66,13,30,43,79,30,109
Erie,West Seneca Town PD,2011,67,0,67,12,29,41,79,29,108
Erie,West Seneca Town PD,2012,66,0,66,12,30,42,78,30,108
Erie,West Seneca Town PD,2013,69,0,69,14,12,26,83,12,95
Erie,West Seneca Town PD,2014,66,0,66,13,25,38,79,25,104
Erie,West Seneca Town PD,2015,66,0,66,12,29,41,78,29,107
Erie,West Seneca Town PD,2016,68,0,68,13,25,38,81,25,106
Erie,West Seneca Town PD,2017,65,0,65,13,27,40,78,27,105
Erie,West Seneca Town PD,2018,64,0,64,13,25,38,77,25,102
Erie,West Seneca Town PD,2019,66,0,66,14,27,41,80,27,107
Erie,West Seneca Town PD,2020,60,0,60,13,21,34,73,21,94
Erie,West Seneca Town PD,2021,66,0,66,13,19,32,79,19,98
Erie,West Seneca Town PD,2022,64,0,64,13,29,42,77,29,106
Erie,West Seneca Town PD,2023,65,0,65,22,28,50,87,28,115
Essex,Essex County Sheriff,2007,25,0,25,2,0,2,27,0,27
Essex,Essex County Sheriff,2008,20,0,20,2,0,2,22,0,22
Essex,Essex County Sheriff,2009,18,0,18,2,0,2,20,0,20
Essex,Essex County Sheriff,2010,5,0,5,1,0,1,6,0,6
Essex,Essex County Sheriff,2011,21,0,21,8,1,9,29,1,30
Essex,Essex County Sheriff,2012,21,0,21,2,0,2,23,0,23
Essex,Essex County Sheriff,2013,19,0,19,2,0,2,21,0,21
Essex,Essex County Sheriff,2014,20,0,20,2,0,2,22,0,22
Essex,Essex County Sheriff,2016,15,0,15,0,0,0,15,0,15
Essex,Essex County Sheriff,2017,17,0,17,3,0,3,20,0,20
Essex,Essex County Sheriff,2018,17,0,17,3,0,3,20,0,20
Essex,Essex County Sheriff,2019,16,0,16,1,0,1,17,0,17
Essex,Essex County Sheriff,2020,19,0,19,1,0,1,20,0,20
Essex,Essex County Sheriff,2021,24,0,24,1,0,1,25,0,25
Essex,Essex County Sheriff,2022,24,2,26,3,0,3,27,2,29
Essex,Essex County Sheriff,2023,21,0,21,3,0,3,24,0,24
Essex,Lake Placid Vg PD,2007,14,2,16,4,0,4,18,2,20
Essex,Lake Placid Vg PD,2008,14,4,18,4,0,4,18,4,22
Essex,Lake Placid Vg PD,2009,14,4,18,3,0,3,17,4,21
Essex,Lake Placid Vg PD,2010,14,4,18,3,0,3,17,4,21
Essex,Lake Placid Vg PD,2011,10,2,12,3,2,5,13,4,17
Essex,Lake Placid Vg PD,2012,11,4,15,3,2,5,14,6,20
Essex,Lake Placid Vg PD,2013,11,4,15,3,0,3,14,4,18
Essex,Lake Placid Vg PD,2014,10,2,12,3,0,3,13,2,15
Essex,Lake Placid Vg PD,2015,11,1,12,3,0,3,14,1,15
Essex,Lake Placid Vg PD,2016,12,1,13,3,0,3,15,1,16
Essex,Lake Placid Vg PD,2017,12,1,13,3,0,3,15,1,16
Essex,Lake Placid Vg PD,2018,11,1,12,3,0,3,14,1,15
Essex,Lake Placid Vg PD,2019,13,1,14,3,0,3,16,1,17
Essex,Lake Placid Vg PD,2020,14,1,15,2,1,3,16,2,18
Essex,Lake Placid Vg PD,2021,12,2,14,3,0,3,15,2,17
Essex,Lake Placid Vg PD,2022,12,2,14,2,1,3,14,3,17
Essex,Lake Placid Vg PD,2023,10,4,14,2,0,2,12,4,16
Essex,Moriah Town PD,2007,2,1,3,0,0,0,2,1,3
Essex,Moriah Town PD,2008,2,1,3,0,0,0,2,1,3
Essex,Moriah Town PD,2009,2,0,2,0,0,0,2,0,2
Essex,Moriah Town PD,2010,2,0,2,0,0,0,2,0,2
Essex,Moriah Town PD,2011,2,0,2,0,0,0,2,0,2
Essex,Moriah Town PD,2012,2,0,2,0,0,0,2,0,2
Essex,Moriah Town PD,2013,2,0,2,0,0,0,2,0,2
Essex,Moriah Town PD,2014,2,0,2,0,0,0,2,0,2
Essex,Moriah Town PD,2015,2,0,2,0,0,0,2,0,2
Essex,Moriah Town PD,2016,2,0,2,0,0,0,2,0,2
Essex,Moriah Town PD,2017,2,0,2,0,0,0,2,0,2
Essex,Moriah Town PD,2018,2,0,2,0,0,0,2,0,2
Essex,Moriah Town PD,2019,2,0,2,0,0,0,2,0,2
Essex,Moriah Town PD,2020,2,0,2,0,0,0,2,0,2
Essex,Moriah Town PD,2021,1,0,1,0,0,0,1,0,1
Essex,Moriah Town PD,2022,1,0,1,0,0,0,1,0,1
Essex,Moriah Town PD,2023,1,0,1,0,0,0,1,0,1
Essex,Ticonderoga Town PD,2007,7,3,10,3,4,7,10,7,17
Essex,Ticonderoga Town PD,2008,7,3,10,0,2,2,7,5,12
Essex,Ticonderoga Town PD,2009,7,3,10,0,1,1,7,4,11
Essex,Ticonderoga Town PD,2010,7,6,13,0,1,1,7,7,14
Essex,Ticonderoga Town PD,2011,7,6,13,0,1,1,7,7,14
Essex,Ticonderoga Town PD,2012,7,6,13,0,1,1,7,7,14
Essex,Ticonderoga Town PD,2013,7,6,13,0,1,1,7,7,14
Essex,Ticonderoga Town PD,2014,6,7,13,0,1,1,6,8,14
Essex,Ticonderoga Town PD,2015,6,6,12,0,0,0,6,6,12
Essex,Ticonderoga Town PD,2016,6,5,11,0,1,1,6,6,12
Essex,Ticonderoga Town PD,2017,6,6,12,0,1,1,6,7,13
Essex,Ticonderoga Town PD,2018,6,5,11,0,1,1,6,6,12
Essex,Ticonderoga Town PD,2019,7,5,12,0,1,1,7,6,13
Essex,Ticonderoga Town PD,2020,7,5,12,0,1,1,7,6,13
Essex,Ticonderoga Town PD,2021,7,6,13,0,1,1,7,7,14
Essex,Ticonderoga Town PD,2022,7,4,11,0,0,0,7,4,11
Essex,Ticonderoga Town PD,2023,8,4,12,0,1,1,8,5,13
Franklin,Franklin County Sheriff,2007,3,0,3,8,3,11,11,3,14
Franklin,Franklin County Sheriff,2008,3,0,3,9,2,11,12,2,14
Franklin,Franklin County Sheriff,2009,3,0,3,4,3,7,7,3,10
Franklin,Franklin County Sheriff,2010,3,0,3,4,3,7,7,3,10
Franklin,Franklin County Sheriff,2011,7,0,7,7,3,10,14,3,17
Franklin,Franklin County Sheriff,2012,43,10,53,7,5,12,50,15,65
Franklin,Franklin County Sheriff,2013,48,9,57,7,4,11,55,13,68
Franklin,Franklin County Sheriff,2014,8,0,8,9,4,13,17,4,21
Franklin,Franklin County Sheriff,2015,6,0,6,10,4,14,16,4,20
Franklin,Franklin County Sheriff,2016,8,0,8,10,6,16,18,6,24
Franklin,Franklin County Sheriff,2017,4,0,4,2,0,2,6,0,6
Franklin,Franklin County Sheriff,2018,5,2,7,2,0,2,7,2,9
Franklin,Franklin County Sheriff,2019,5,0,5,2,0,2,7,0,7
Franklin,Franklin County Sheriff,2020,57,8,65,2,0,2,59,8,67
Franklin,Franklin County Sheriff,2021,0,5,5,3,0,3,3,5,8
Franklin,Franklin County Sheriff,2022,2,0,2,2,0,2,4,0,4
Franklin,Franklin County Sheriff,2023,4,0,4,3,0,3,7,0,7
Franklin,Malone Vg PD,2007,14,0,14,0,9,9,14,9,23
Franklin,Malone Vg PD,2008,15,0,15,0,9,9,15,9,24
Franklin,Malone Vg PD,2009,13,0,13,0,7,7,13,7,20
Franklin,Malone Vg PD,2010,14,0,14,0,5,5,14,5,19
Franklin,Malone Vg PD,2011,14,0,14,0,3,3,14,3,17
Franklin,Malone Vg PD,2012,14,0,14,0,3,3,14,3,17
Franklin,Malone Vg PD,2013,14,0,14,0,4,4,14,4,18
Franklin,Malone Vg PD,2014,13,0,13,0,4,4,13,4,17
Franklin,Malone Vg PD,2015,14,0,14,0,10,10,14,10,24
Franklin,Malone Vg PD,2016,13,0,13,0,10,10,13,10,23
Franklin,Malone Vg PD,2017,13,0,13,0,0,0,13,0,13
Franklin,Malone Vg PD,2018,12,1,13,0,3,3,12,4,16
Franklin,Malone Vg PD,2019,13,1,14,0,2,2,13,3,16
Franklin,Malone Vg PD,2020,13,2,15,0,0,0,13,2,15
Franklin,Malone Vg PD,2021,12,0,12,0,5,5,12,5,17
Franklin,Malone Vg PD,2022,13,0,13,0,2,2,13,2,15
Franklin,Malone Vg PD,2023,12,0,12,0,1,1,12,1,13
Franklin,Saranac Lake Vg PD,2007,12,0,12,1,1,2,13,1,14
Franklin,Saranac Lake Vg PD,2008,11,0,11,0,1,1,11,1,12
Franklin,Saranac Lake Vg PD,2009,13,0,13,0,1,1,13,1,14
Franklin,Saranac Lake Vg PD,2010,12,0,12,0,1,1,12,1,13
Franklin,Saranac Lake Vg PD,2011,11,0,11,0,0,0,11,0,11
Franklin,Saranac Lake Vg PD,2012,12,0,12,0,2,2,12,2,14
Franklin,Saranac Lake Vg PD,2013,12,0,12,0,1,1,12,1,13
Franklin,Saranac Lake Vg PD,2014,9,1,10,0,1,1,9,2,11
Franklin,Saranac Lake Vg PD,2015,10,2,12,0,0,0,10,2,12
Franklin,Saranac Lake Vg PD,2016,12,2,14,0,0,0,12,2,14
Franklin,Saranac Lake Vg PD,2017,12,2,14,0,0,0,12,2,14
Franklin,Saranac Lake Vg PD,2018,11,1,12,0,0,0,11,1,12
Franklin,Saranac Lake Vg PD,2019,12,1,13,0,0,0,12,1,13
Franklin,Saranac Lake Vg PD,2020,12,2,14,0,0,0,12,2,14
Franklin,Saranac Lake Vg PD,2021,11,1,12,0,0,0,11,1,12
Franklin,Saranac Lake Vg PD,2022,9,2,11,0,0,0,9,2,11
Franklin,Saranac Lake Vg PD,2023,12,1,13,1,0,1,13,1,14
Franklin,Tupper Lake Vg PD,2007,9,0,9,0,7,7,9,7,16
Franklin,Tupper Lake Vg PD,2008,10,0,10,0,8,8,10,8,18
Franklin,Tupper Lake Vg PD,2010,9,0,9,0,8,8,9,8,17
Franklin,Tupper Lake Vg PD,2011,8,0,8,0,7,7,8,7,15
Franklin,Tupper Lake Vg PD,2012,9,1,10,0,8,8,9,9,18
Franklin,Tupper Lake Vg PD,2013,9,1,10,0,7,7,9,8,17
Franklin,Tupper Lake Vg PD,2014,9,1,10,0,5,5,9,6,15
Franklin,Tupper Lake Vg PD,2015,9,2,11,0,5,5,9,7,16
Franklin,Tupper Lake Vg PD,2016,9,3,12,0,2,2,9,5,14
Franklin,Tupper Lake Vg PD,2017,8,3,11,0,1,1,8,4,12
Franklin,Tupper Lake Vg PD,2018,9,2,11,0,1,1,9,3,12
Franklin,Tupper Lake Vg PD,2019,8,1,9,0,1,1,8,2,10
Franklin,Tupper Lake Vg PD,2020,8,2,10,0,1,1,8,3,11
Franklin,Tupper Lake Vg PD,2021,12,2,14,0,1,1,12,3,15
Franklin,Tupper Lake Vg PD,2022,7,1,8,0,1,1,7,2,9
Franklin,Tupper Lake Vg PD,2023,7,2,9,0,1,1,7,3,10
Fulton,Fulton County Sheriff,2007,32,14,46,18,4,22,50,18,68
Fulton,Fulton County Sheriff,2008,30,14,44,17,8,25,47,22,69
Fulton,Fulton County Sheriff,2009,27,13,40,17,8,25,44,21,65
Fulton,Fulton County Sheriff,2010,27,13,40,16,5,21,43,18,61
Fulton,Fulton County Sheriff,2011,24,10,34,16,3,19,40,13,53
Fulton,Fulton County Sheriff,2012,24,9,33,16,3,19,40,12,52
Fulton,Fulton County Sheriff,2013,24,10,34,14,2,16,38,12,50
Fulton,Fulton County Sheriff,2014,24,6,30,17,1,18,41,7,48
Fulton,Fulton County Sheriff,2015,24,5,29,17,2,19,41,7,48
Fulton,Fulton County Sheriff,2016,25,10,35,15,7,22,40,17,57
Fulton,Fulton County Sheriff,2017,28,7,35,17,8,25,45,15,60
Fulton,Fulton County Sheriff,2018,27,8,35,19,7,26,46,15,61
Fulton,Fulton County Sheriff,2019,28,14,42,4,0,4,32,14,46
Fulton,Fulton County Sheriff,2020,29,19,48,25,8,33,54,27,81
Fulton,Fulton County Sheriff,2021,29,19,48,19,4,23,48,23,71
Fulton,Fulton County Sheriff,2022,27,18,45,15,4,19,42,22,64
Fulton,Fulton County Sheriff,2023,26,17,43,16,5,21,42,22,64
Fulton,Gloversville City PD,2007,32,0,32,2,7,9,34,7,41
Fulton,Gloversville City PD,2008,33,0,33,2,7,9,35,7,42
Fulton,Gloversville City PD,2009,30,0,30,2,7,9,32,7,39
Fulton,Gloversville City PD,2010,30,0,30,2,7,9,32,7,39
Fulton,Gloversville City PD,2011,30,0,30,2,9,11,32,9,41
Fulton,Gloversville City PD,2012,29,0,29,2,8,10,31,8,39
Fulton,Gloversville City PD,2013,29,0,29,2,6,8,31,6,37
Fulton,Gloversville City PD,2014,31,0,31,2,9,11,33,9,42
Fulton,Gloversville City PD,2015,31,0,31,2,8,10,33,8,41
Fulton,Gloversville City PD,2016,28,0,28,2,6,8,30,6,36
Fulton,Gloversville City PD,2017,34,0,34,3,3,6,37,3,40
Fulton,Gloversville City PD,2018,34,0,34,3,1,4,37,1,38
Fulton,Gloversville City PD,2019,35,0,35,3,1,4,38,1,39
Fulton,Gloversville City PD,2020,34,0,34,3,1,4,37,1,38
Fulton,Gloversville City PD,2021,35,0,35,2,0,2,37,0,37
Fulton,Gloversville City PD,2022,31,0,31,2,0,2,33,0,33
Fulton,Gloversville City PD,2023,31,0,31,3,0,3,34,0,34
Fulton,Johnstown City PD,2007,25,0,25,1,0,1,26,0,26
Fulton,Johnstown City PD,2008,25,0,25,1,0,1,26,0,26
Fulton,Johnstown City PD,2009,25,0,25,1,0,1,26,0,26
Fulton,Johnstown City PD,2010,25,0,25,2,0,2,27,0,27
Fulton,Johnstown City PD,2011,24,0,24,1,1,2,25,1,26
Fulton,Johnstown City PD,2012,24,0,24,1,1,2,25,1,26
Fulton,Johnstown City PD,2013,24,0,24,1,1,2,25,1,26
Fulton,Johnstown City PD,2014,24,0,24,1,1,2,25,1,26
Fulton,Johnstown City PD,2015,23,0,23,1,1,2,24,1,25
Fulton,Johnstown City PD,2016,21,0,21,2,0,2,23,0,23
Fulton,Johnstown City PD,2017,22,0,22,2,0,2,24,0,24
Fulton,Johnstown City PD,2018,25,0,25,2,0,2,27,0,27
Fulton,Johnstown City PD,2019,24,0,24,1,1,2,25,1,26
Fulton,Johnstown City PD,2020,23,0,23,1,0,1,24,0,24
Fulton,Johnstown City PD,2021,25,0,25,1,1,2,26,1,27
Fulton,Johnstown City PD,2022,24,0,24,1,1,2,25,1,26
Fulton,Johnstown City PD,2023,24,0,24,1,1,2,25,1,26
Fulton,Northville Vg PD,2007,0,8,8,0,0,0,0,8,8
Fulton,Northville Vg PD,2008,0,9,9,0,0,0,0,9,9
Fulton,Northville Vg PD,2009,0,8,8,0,0,0,0,8,8
Fulton,Northville Vg PD,2010,0,9,9,0,0,0,0,9,9
Fulton,Northville Vg PD,2011,0,9,9,0,0,0,0,9,9
Fulton,Northville Vg PD,2012,0,10,10,0,0,0,0,10,10
Fulton,Northville Vg PD,2013,0,11,11,0,0,0,0,11,11
Fulton,Northville Vg PD,2014,0,10,10,0,0,0,0,10,10
Fulton,Northville Vg PD,2015,0,6,6,0,0,0,0,6,6
Fulton,Northville Vg PD,2016,0,7,7,0,0,0,0,7,7
Fulton,Northville Vg PD,2017,0,7,7,0,0,0,0,7,7
Fulton,Northville Vg PD,2018,0,6,6,0,0,0,0,6,6
Fulton,Northville Vg PD,2019,0,7,7,0,0,0,0,7,7
Fulton,Northville Vg PD,2020,0,6,6,0,0,0,0,6,6
Fulton,Northville Vg PD,2021,0,6,6,0,0,0,0,6,6
Fulton,Northville Vg PD,2022,0,5,5,0,0,0,0,5,5
Fulton,Northville Vg PD,2023,1,4,5,0,0,0,1,4,5
Genesee,Batavia City PD,2007,31,0,31,6,5,11,37,5,42
Genesee,Batavia City PD,2008,29,0,29,4,4,8,33,4,37
Genesee,Batavia City PD,2009,30,0,30,2,3,5,32,3,35
Genesee,Batavia City PD,2010,31,0,31,2,3,5,33,3,36
Genesee,Batavia City PD,2011,29,0,29,2,2,4,31,2,33
Genesee,Batavia City PD,2012,28,0,28,2,3,5,30,3,33
Genesee,Batavia City PD,2013,30,0,30,3,2,5,33,2,35
Genesee,Batavia City PD,2014,31,0,31,3,2,5,34,2,36
Genesee,Batavia City PD,2015,28,0,28,3,2,5,31,2,33
Genesee,Batavia City PD,2016,30,0,30,3,2,5,33,2,35
Genesee,Batavia City PD,2017,28,0,28,3,2,5,31,2,33
Genesee,Batavia City PD,2018,31,0,31,3,1,4,34,1,35
Genesee,Batavia City PD,2020,33,0,33,3,4,7,36,4,40
Genesee,Batavia City PD,2021,29,0,29,3,1,4,32,1,33
Genesee,Batavia City PD,2022,32,0,32,3,1,4,35,1,36
Genesee,Batavia City PD,2023,34,0,34,3,1,4,37,1,38
Genesee,Genesee County Sheriff,2007,48,0,48,26,4,30,74,4,78
Genesee,Genesee County Sheriff,2008,41,0,41,27,5,32,68,5,73
Genesee,Genesee County Sheriff,2009,49,0,49,27,5,32,76,5,81
Genesee,Genesee County Sheriff,2010,49,0,49,30,8,38,79,8,87
Genesee,Genesee County Sheriff,2011,49,0,49,30,8,38,79,8,87
Genesee,Genesee County Sheriff,2012,48,0,48,28,7,35,76,7,83
Genesee,Genesee County Sheriff,2013,48,0,48,29,5,34,77,5,82
Genesee,Genesee County Sheriff,2014,48,0,48,28,5,33,76,5,81
Genesee,Genesee County Sheriff,2015,47,0,47,28,6,34,75,6,81
Genesee,Genesee County Sheriff,2016,50,0,50,28,7,35,78,7,85
Genesee,Genesee County Sheriff,2017,49,0,49,27,8,35,76,8,84
Genesee,Genesee County Sheriff,2019,52,0,52,29,8,37,81,8,89
Genesee,Genesee County Sheriff,2020,47,0,47,30,6,36,77,6,83
Genesee,Genesee County Sheriff,2021,50,0,50,28,2,30,78,2,80
Genesee,Genesee County Sheriff,2022,51,0,51,29,4,33,80,4,84
Genesee,Genesee County Sheriff,2023,44,0,44,27,4,31,71,4,75
Genesee,LeRoy Vg PD,2007,9,1,10,3,9,12,12,10,22
Genesee,LeRoy Vg PD,2008,9,1,10,3,9,12,12,10,22
Genesee,LeRoy Vg PD,2009,9,2,11,1,7,8,10,9,19
Genesee,LeRoy Vg PD,2010,8,4,12,0,3,3,8,7,15
Genesee,LeRoy Vg PD,2011,8,3,11,0,0,0,8,3,11
Genesee,LeRoy Vg PD,2012,7,5,12,0,3,3,7,8,15
Genesee,LeRoy Vg PD,2013,7,5,12,0,3,3,7,8,15
Genesee,LeRoy Vg PD,2014,8,5,13,0,3,3,8,8,16
Genesee,LeRoy Vg PD,2015,7,6,13,0,3,3,7,9,16
Genesee,LeRoy Vg PD,2016,7,6,13,0,3,3,7,9,16
Genesee,LeRoy Vg PD,2017,7,8,15,0,5,5,7,13,20
Genesee,LeRoy Vg PD,2018,7,10,17,0,0,0,7,10,17
Genesee,LeRoy Vg PD,2019,7,10,17,0,0,0,7,10,17
Genesee,LeRoy Vg PD,2020,7,11,18,0,0,0,7,11,18
Genesee,LeRoy Vg PD,2021,7,8,15,0,4,4,7,12,19
Genesee,LeRoy Vg PD,2022,9,5,14,1,4,5,10,9,19
Genesee,LeRoy Vg PD,2023,8,8,16,1,3,4,9,11,20
Greene,Athens Vg PD,2007,0,17,17,0,0,0,0,17,17
Greene,Athens Vg PD,2008,0,13,13,0,0,0,0,13,13
Greene,Athens Vg PD,2009,0,13,13,0,0,0,0,13,13
Greene,Athens Vg PD,2010,0,15,15,0,0,0,0,15,15
Greene,Athens Vg PD,2011,0,15,15,0,0,0,0,15,15
Greene,Athens Vg PD,2013,0,14,14,0,0,0,0,14,14
Greene,Athens Vg PD,2014,0,11,11,0,0,0,0,11,11
Greene,Athens Vg PD,2015,0,13,13,0,0,0,0,13,13
Greene,Athens Vg PD,2016,0,10,10,0,0,0,0,10,10
Greene,Athens Vg PD,2017,0,11,11,0,0,0,0,11,11
Greene,Athens Vg PD,2018,0,14,14,0,0,0,0,14,14
Greene,Athens Vg PD,2019,0,15,15,0,0,0,0,15,15
Greene,Athens Vg PD,2022,0,15,15,0,0,0,0,15,15
Greene,Athens Vg PD,2023,0,14,14,0,0,0,0,14,14
Greene,Cairo Town PD,2007,2,15,17,0,0,0,2,15,17
Greene,Cairo Town PD,2008,2,12,14,0,0,0,2,12,14
Greene,Cairo Town PD,2009,2,11,13,0,0,0,2,11,13
Greene,Cairo Town PD,2010,2,10,12,0,0,0,2,10,12
Greene,Cairo Town PD,2011,1,15,16,0,0,0,1,15,16
Greene,Cairo Town PD,2012,1,12,13,0,0,0,1,12,13
Greene,Cairo Town PD,2013,1,15,16,0,0,0,1,15,16
Greene,Cairo Town PD,2014,1,16,17,0,0,0,1,16,17
Greene,Cairo Town PD,2015,1,15,16,0,0,0,1,15,16
Greene,Cairo Town PD,2016,1,16,17,0,0,0,1,16,17
Greene,Cairo Town PD,2017,1,15,16,0,0,0,1,15,16
Greene,Cairo Town PD,2018,1,16,17,0,0,0,1,16,17
Greene,Cairo Town PD,2019,2,10,12,0,0,0,2,10,12
Greene,Cairo Town PD,2020,2,10,12,0,0,0,2,10,12
Greene,Cairo Town PD,2021,2,9,11,0,0,0,2,9,11
Greene,Cairo Town PD,2022,2,9,11,0,0,0,2,9,11
Greene,Cairo Town PD,2023,1,12,13,0,0,0,1,12,13
Greene,Catskill Vg PD,2007,15,4,19,1,7,8,16,11,27
Greene,Catskill Vg PD,2008,15,5,20,1,8,9,16,13,29
Greene,Catskill Vg PD,2009,15,6,21,1,10,11,16,16,32
Greene,Catskill Vg PD,2010,15,7,22,1,10,11,16,17,33
Greene,Catskill Vg PD,2011,15,6,21,1,7,8,16,13,29
Greene,Catskill Vg PD,2012,15,2,17,1,7,8,16,9,25
Greene,Catskill Vg PD,2013,18,3,21,1,9,10,19,12,31
Greene,Catskill Vg PD,2014,15,3,18,1,9,10,16,12,28
Greene,Catskill Vg PD,2015,15,3,18,1,8,9,16,11,27
Greene,Catskill Vg PD,2016,13,6,19,1,5,6,14,11,25
Greene,Catskill Vg PD,2018,15,3,18,1,5,6,16,8,24
Greene,Catskill Vg PD,2019,13,5,18,2,5,7,15,10,25
Greene,Catskill Vg PD,2020,14,4,18,2,5,7,16,9,25
Greene,Catskill Vg PD,2021,14,4,18,2,4,6,16,8,24
Greene,Catskill Vg PD,2022,14,3,17,2,6,8,16,9,25
Greene,Catskill Vg PD,2023,11,5,16,2,6,8,13,11,24
Greene,Coxsackie Vg PD,2007,1,15,16,0,0,0,1,15,16
Greene,Coxsackie Vg PD,2008,0,18,18,0,2,2,0,20,20
Greene,Coxsackie Vg PD,2009,0,19,19,0,2,2,0,21,21
Greene,Coxsackie Vg PD,2010,0,21,21,0,1,1,0,22,22
Greene,Coxsackie Vg PD,2011,0,15,15,0,0,0,0,15,15
Greene,Coxsackie Vg PD,2012,0,17,17,0,0,0,0,17,17
Greene,Coxsackie Vg PD,2013,0,20,20,0,0,0,0,20,20
Greene,Coxsackie Vg PD,2014,0,19,19,0,0,0,0,19,19
Greene,Coxsackie Vg PD,2015,0,18,18,0,0,0,0,18,18
Greene,Coxsackie Vg PD,2016,0,19,19,0,0,0,0,19,19
Greene,Coxsackie Vg PD,2019,0,17,17,0,0,0,0,17,17
Greene,Coxsackie Vg PD,2020,0,18,18,0,0,0,0,18,18
Greene,Coxsackie Vg PD,2021,0,19,19,0,0,0,0,19,19
Greene,Coxsackie Vg PD,2022,0,19,19,0,0,0,0,19,19
Greene,Coxsackie Vg PD,2023,0,18,18,0,0,0,0,18,18
Greene,Durham Town PD,2010,0,8,8,0,0,0,0,8,8
Greene,Durham Town PD,2011,0,8,8,0,0,0,0,8,8
Greene,Durham Town PD,2012,0,10,10,0,0,0,0,10,10
Greene,Durham Town PD,2013,0,9,9,0,1,1,0,10,10
Greene,Durham Town PD,2014,0,9,9,0,1,1,0,10,10
Greene,Durham Town PD,2015,0,9,9,0,1,1,0,10,10
Greene,Durham Town PD,2016,0,9,9,0,1,1,0,10,10
Greene,Durham Town PD,2017,0,7,7,0,1,1,0,8,8
Greene,Durham Town PD,2018,0,7,7,0,1,1,0,8,8
Greene,Durham Town PD,2019,0,8,8,0,1,1,0,9,9
Greene,Durham Town PD,2020,0,5,5,0,1,1,0,6,6
Greene,Durham Town PD,2021,0,4,4,0,1,1,0,5,5
Greene,Durham Town PD,2022,0,5,5,0,1,1,0,6,6
Greene,Durham Town PD,2023,0,4,4,0,1,1,0,5,5
Greene,Greene County Sheriff,2007,26,6,32,4,3,7,30,9,39
Greene,Greene County Sheriff,2008,29,4,33,3,1,4,32,5,37
Greene,Greene County Sheriff,2009,29,6,35,4,3,7,33,9,42
Greene,Greene County Sheriff,2010,29,5,34,2,0,2,31,5,36
Greene,Greene County Sheriff,2011,29,4,33,4,3,7,33,7,40
Greene,Greene County Sheriff,2014,28,11,39,4,6,10,32,17,49
Greene,Greene County Sheriff,2015,28,20,48,2,0,2,30,20,50
Greene,Greene County Sheriff,2016,28,17,45,4,5,9,32,22,54
Greene,Greene County Sheriff,2017,25,13,38,2,7,9,27,20,47
Greene,Greene County Sheriff,2018,28,19,47,2,1,3,30,20,50
Greene,Greene County Sheriff,2019,32,19,51,2,0,2,34,19,53
Greene,Greene County Sheriff,2020,33,16,49,2,1,3,35,17,52
Greene,Greene County Sheriff,2021,32,23,55,4,0,4,36,23,59
Greene,Greene County Sheriff,2022,35,28,63,10,1,11,45,29,74
Greene,Greene County Sheriff,2023,39,30,69,7,0,7,46,30,76
Greene,Hunter Town PD,2007,1,10,11,0,0,0,1,10,11
Greene,Hunter Town PD,2008,1,9,10,0,0,0,1,9,10
Greene,Hunter Town PD,2009,1,11,12,0,0,0,1,11,12
Greene,Hunter Town PD,2010,1,11,12,0,0,0,1,11,12
Greene,Hunter Town PD,2011,1,13,14,0,0,0,1,13,14
Greene,Hunter Town PD,2012,2,10,12,0,0,0,2,10,12
Greene,Hunter Town PD,2014,3,8,11,0,0,0,3,8,11
Greene,Hunter Town PD,2015,3,9,12,0,0,0,3,9,12
Greene,Hunter Town PD,2016,3,8,11,0,0,0,3,8,11
Greene,Hunter Town PD,2017,3,8,11,0,0,0,3,8,11
Greene,Hunter Town PD,2018,3,7,10,0,0,0,3,7,10
Greene,Hunter Town PD,2019,3,11,14,0,0,0,3,11,14
Greene,Hunter Town PD,2020,3,11,14,0,0,0,3,11,14
Greene,Hunter Town PD,2021,3,11,14,0,0,0,3,11,14
Greene,Hunter Town PD,2022,3,8,11,0,0,0,3,8,11
Greene,Hunter Town PD,2023,4,7,11,0,0,0,4,7,11
Greene,Windham Town PD,2007,3,10,13,0,0,0,3,10,13
Greene,Windham Town PD,2008,3,10,13,0,0,0,3,10,13
Greene,Windham Town PD,2009,2,9,11,0,0,0,2,9,11
Greene,Windham Town PD,2010,2,9,11,0,0,0,2,9,11
Greene,Windham Town PD,2011,2,15,17,0,0,0,2,15,17
Greene,Windham Town PD,2012,3,11,14,0,0,0,3,11,14
Greene,Windham Town PD,2013,1,15,16,0,0,0,1,15,16
Greene,Windham Town PD,2014,1,14,15,0,0,0,1,14,15
Greene,Windham Town PD,2015,1,12,13,0,0,0,1,12,13
Greene,Windham Town PD,2016,2,10,12,0,0,0,2,10,12
Greene,Windham Town PD,2017,1,11,12,0,0,0,1,11,12
Greene,Windham Town PD,2018,1,10,11,0,0,0,1,10,11
Greene,Windham Town PD,2019,1,12,13,0,0,0,1,12,13
Greene,Windham Town PD,2020,1,10,11,0,0,0,1,10,11
Greene,Windham Town PD,2021,2,10,12,0,0,0,2,10,12
Greene,Windham Town PD,2022,1,12,13,0,0,0,1,12,13
Greene,Windham Town PD,2023,0,11,11,0,0,0,0,11,11
Hamilton,Hamilton County Sheriff,2009,5,0,5,1,0,1,6,0,6
Hamilton,Hamilton County Sheriff,2010,5,0,5,1,0,1,6,0,6
Hamilton,Hamilton County Sheriff,2011,5,0,5,1,0,1,6,0,6
Hamilton,Hamilton County Sheriff,2012,5,2,7,1,0,1,6,2,8
Hamilton,Hamilton County Sheriff,2013,5,7,12,1,0,1,6,7,13
Hamilton,Hamilton County Sheriff,2014,6,2,8,1,0,1,7,2,9
Hamilton,Hamilton County Sheriff,2015,5,2,7,1,0,1,6,2,8
Hamilton,Hamilton County Sheriff,2016,5,2,7,1,0,1,6,2,8
Hamilton,Hamilton County Sheriff,2017,6,2,8,1,0,1,7,2,9
Hamilton,Hamilton County Sheriff,2018,6,2,8,1,0,1,7,2,9
Hamilton,Hamilton County Sheriff,2019,7,2,9,1,0,1,8,2,10
Hamilton,Hamilton County Sheriff,2020,6,3,9,1,0,1,7,3,10
Hamilton,Hamilton County Sheriff,2021,6,2,8,1,0,1,7,2,9
Hamilton,Hamilton County Sheriff,2022,6,3,9,1,0,1,7,3,10
Hamilton,Hamilton County Sheriff,2023,6,3,9,1,0,1,7,3,10
Hamilton,Inlet Town PD,2007,2,1,3,0,1,1,2,2,4
Hamilton,Inlet Town PD,2009,2,2,4,1,0,1,3,2,5
Hamilton,Inlet Town PD,2010,2,5,7,1,0,1,3,5,8
Hamilton,Inlet Town PD,2011,2,5,7,1,0,1,3,5,8
Hamilton,Inlet Town PD,2012,2,5,7,1,0,1,3,5,8
Hamilton,Inlet Town PD,2013,2,4,6,1,0,1,3,4,7
Hamilton,Inlet Town PD,2014,2,4,6,0,0,0,2,4,6
Hamilton,Inlet Town PD,2015,2,2,4,0,1,1,2,3,5
Hamilton,Inlet Town PD,2016,2,3,5,1,0,1,3,3,6
Hamilton,Inlet Town PD,2017,2,3,5,1,0,1,3,3,6
Hamilton,Inlet Town PD,2018,1,6,7,0,0,0,1,6,7
Hamilton,Inlet Town PD,2019,2,6,8,0,0,0,2,6,8
Hamilton,Inlet Town PD,2020,0,7,7,0,0,0,0,7,7
Hamilton,Inlet Town PD,2021,2,6,8,0,0,0,2,6,8
Hamilton,Inlet Town PD,2022,2,5,7,0,0,0,2,5,7
Hamilton,Inlet Town PD,2023,2,3,5,0,1,1,2,4,6
Herkimer,Dolgeville Vg PD,2007,3,13,16,0,0,0,3,13,16
Herkimer,Dolgeville Vg PD,2010,2,13,15,0,0,0,2,13,15
Herkimer,Dolgeville Vg PD,2011,2,13,15,0,0,0,2,13,15
Herkimer,Dolgeville Vg PD,2012,2,18,20,0,3,3,2,21,23
Herkimer,Dolgeville Vg PD,2013,2,16,18,0,4,4,2,20,22
Herkimer,Dolgeville Vg PD,2014,2,18,20,0,4,4,2,22,24
Herkimer,Dolgeville Vg PD,2015,2,20,22,0,3,3,2,23,25
Herkimer,Dolgeville Vg PD,2016,2,21,23,0,5,5,2,26,28
Herkimer,Dolgeville Vg PD,2017,2,18,20,0,5,5,2,23,25
Herkimer,Dolgeville Vg PD,2018,3,12,15,0,5,5,3,17,20
Herkimer,Dolgeville Vg PD,2019,3,14,17,0,3,3,3,17,20
Herkimer,Dolgeville Vg PD,2020,4,12,16,0,4,4,4,16,20
Herkimer,Dolgeville Vg PD,2021,2,11,13,0,0,0,2,11,13
Herkimer,Dolgeville Vg PD,2022,4,9,13,0,1,1,4,10,14
Herkimer,Dolgeville Vg PD,2023,5,9,14,0,0,0,5,9,14
Herkimer,Frankfort Town PD,2010,3,16,19,0,0,0,3,16,19
Herkimer,Frankfort Town PD,2011,3,17,20,0,0,0,3,17,20
Herkimer,Frankfort Town PD,2014,3,13,16,0,0,0,3,13,16
Herkimer,Frankfort Town PD,2015,3,13,16,0,0,0,3,13,16
Herkimer,Frankfort Town PD,2016,3,11,14,0,0,0,3,11,14
Herkimer,Frankfort Town PD,2017,1,12,13,0,0,0,1,12,13
Herkimer,Frankfort Town PD,2018,2,12,14,0,0,0,2,12,14
Herkimer,Frankfort Town PD,2019,3,12,15,0,0,0,3,12,15
Herkimer,Frankfort Town PD,2020,3,13,16,0,0,0,3,13,16
Herkimer,Frankfort Town PD,2021,4,15,19,0,0,0,4,15,19
Herkimer,Frankfort Town PD,2022,6,13,19,0,0,0,6,13,19
Herkimer,Frankfort Town PD,2023,8,9,17,0,0,0,8,9,17
Herkimer,Frankfort Vg PD,2007,1,15,16,0,0,0,1,15,16
Herkimer,Frankfort Vg PD,2008,4,7,11,0,0,0,4,7,11
Herkimer,Frankfort Vg PD,2009,4,5,9,0,0,0,4,5,9
Herkimer,Frankfort Vg PD,2010,4,15,19,0,0,0,4,15,19
Herkimer,Frankfort Vg PD,2011,5,14,19,0,0,0,5,14,19
Herkimer,Frankfort Vg PD,2012,4,10,14,0,0,0,4,10,14
Herkimer,Frankfort Vg PD,2013,3,13,16,0,1,1,3,14,17
Herkimer,Frankfort Vg PD,2014,4,11,15,0,0,0,4,11,15
Herkimer,Frankfort Vg PD,2015,4,14,18,0,0,0,4,14,18
Herkimer,Frankfort Vg PD,2016,4,14,18,0,0,0,4,14,18
Herkimer,Frankfort Vg PD,2017,4,15,19,0,0,0,4,15,19
Herkimer,Frankfort Vg PD,2018,4,14,18,0,0,0,4,14,18
Herkimer,Frankfort Vg PD,2019,4,14,18,0,0,0,4,14,18
Herkimer,Frankfort Vg PD,2020,4,16,20,0,0,0,4,16,20
Herkimer,Frankfort Vg PD,2021,4,11,15,0,0,0,4,11,15
Herkimer,Frankfort Vg PD,2022,4,10,14,0,0,0,4,10,14
Herkimer,Frankfort Vg PD,2023,4,7,11,0,0,0,4,7,11
Herkimer,Herkimer County Sheriff,2007,7,4,11,4,1,5,11,5,16
Herkimer,Herkimer County Sheriff,2008,6,5,11,5,0,5,11,5,16
Herkimer,Herkimer County Sheriff,2009,6,5,11,5,0,5,11,5,16
Herkimer,Herkimer County Sheriff,2010,6,5,11,9,0,9,15,5,20
Herkimer,Herkimer County Sheriff,2011,6,4,10,9,0,9,15,4,19
Herkimer,Herkimer County Sheriff,2012,5,5,10,9,0,9,14,5,19
Herkimer,Herkimer County Sheriff,2013,4,6,10,10,0,10,14,6,20
Herkimer,Herkimer County Sheriff,2014,3,7,10,10,0,10,13,7,20
Herkimer,Herkimer County Sheriff,2015,5,7,12,10,0,10,15,7,22
Herkimer,Herkimer County Sheriff,2016,6,7,13,10,5,15,16,12,28
Herkimer,Herkimer County Sheriff,2017,8,5,13,10,5,15,18,10,28
Herkimer,Herkimer County Sheriff,2018,5,6,11,10,5,15,15,11,26
Herkimer,Herkimer County Sheriff,2019,6,7,13,10,5,15,16,12,28
Herkimer,Herkimer County Sheriff,2020,10,10,20,10,5,15,20,15,35
Herkimer,Herkimer County Sheriff,2021,11,12,23,7,5,12,18,17,35
Herkimer,Herkimer County Sheriff,2022,11,12,23,7,4,11,18,16,34
Herkimer,Herkimer County Sheriff,2023,10,17,27,4,0,4,14,17,31
Herkimer,Herkimer Vg PD,2007,21,6,27,1,0,1,22,6,28
Herkimer,Herkimer Vg PD,2008,21,7,28,1,0,1,22,7,29
Herkimer,Herkimer Vg PD,2009,21,7,28,1,0,1,22,7,29
Herkimer,Herkimer Vg PD,2010,21,7,28,1,0,1,22,7,29
Herkimer,Herkimer Vg PD,2011,21,7,28,0,0,0,21,7,28
Herkimer,Herkimer Vg PD,2012,21,7,28,0,0,0,21,7,28
Herkimer,Herkimer Vg PD,2013,20,6,26,0,0,0,20,6,26
Herkimer,Herkimer Vg PD,2014,19,8,27,0,0,0,19,8,27
Herkimer,Herkimer Vg PD,2015,20,8,28,0,0,0,20,8,28
Herkimer,Herkimer Vg PD,2016,19,4,23,0,3,3,19,7,26
Herkimer,Herkimer Vg PD,2017,20,4,24,0,0,0,20,4,24
Herkimer,Herkimer Vg PD,2018,18,1,19,0,0,0,18,1,19
Herkimer,Herkimer Vg PD,2019,18,1,19,0,0,0,18,1,19
Herkimer,Herkimer Vg PD,2020,19,6,25,0,0,0,19,6,25
Herkimer,Herkimer Vg PD,2021,20,5,25,0,0,0,20,5,25
Herkimer,Herkimer Vg PD,2022,19,5,24,0,0,0,19,5,24
Herkimer,Herkimer Vg PD,2023,19,1,20,0,0,0,19,1,20
Herkimer,Ilion Vg PD,2007,18,0,18,2,0,2,20,0,20
Herkimer,Ilion Vg PD,2008,18,0,18,2,0,2,20,0,20
Herkimer,Ilion Vg PD,2009,18,0,18,2,0,2,20,0,20
Herkimer,Ilion Vg PD,2010,18,0,18,2,0,2,20,0,20
Herkimer,Ilion Vg PD,2011,18,0,18,2,0,2,20,0,20
Herkimer,Ilion Vg PD,2012,18,0,18,2,0,2,20,0,20
Herkimer,Ilion Vg PD,2013,17,0,17,2,0,2,19,0,19
Herkimer,Ilion Vg PD,2014,17,0,17,2,0,2,19,0,19
Herkimer,Ilion Vg PD,2015,17,0,17,2,0,2,19,0,19
Herkimer,Ilion Vg PD,2016,18,0,18,2,0,2,20,0,20
Herkimer,Ilion Vg PD,2017,17,0,17,2,0,2,19,0,19
Herkimer,Ilion Vg PD,2018,18,0,18,2,0,2,20,0,20
Herkimer,Ilion Vg PD,2019,18,0,18,1,0,1,19,0,19
Herkimer,Ilion Vg PD,2021,19,0,19,1,0,1,20,0,20
Herkimer,Ilion Vg PD,2022,14,0,14,3,0,3,17,0,17
Herkimer,Ilion Vg PD,2023,16,0,16,3,0,3,19,0,19
Herkimer,Little Falls City PD,2007,12,9,21,1,0,1,13,9,22
Herkimer,Little Falls City PD,2008,11,8,19,1,0,1,12,8,20
Herkimer,Little Falls City PD,2009,11,10,21,1,0,1,12,10,22
Herkimer,Little Falls City PD,2010,10,11,21,1,0,1,11,11,22
Herkimer,Little Falls City PD,2011,11,11,22,1,0,1,12,11,23
Herkimer,Little Falls City PD,2012,12,10,22,1,0,1,13,10,23
Herkimer,Little Falls City PD,2013,9,14,23,1,0,1,10,14,24
Herkimer,Little Falls City PD,2014,10,14,24,1,0,1,11,14,25
Herkimer,Little Falls City PD,2015,9,15,24,1,0,1,10,15,25
Herkimer,Little Falls City PD,2016,10,14,24,1,0,1,11,14,25
Herkimer,Little Falls City PD,2017,11,13,24,1,0,1,12,13,25
Herkimer,Little Falls City PD,2018,11,14,25,1,0,1,12,14,26
Herkimer,Little Falls City PD,2019,11,14,25,1,0,1,12,14,26
Herkimer,Little Falls City PD,2020,11,17,28,1,0,1,12,17,29
Herkimer,Little Falls City PD,2021,12,21,33,1,0,1,13,21,34
Herkimer,Little Falls City PD,2022,14,15,29,1,5,6,15,20,35
Herkimer,Little Falls City PD,2023,15,15,30,1,3,4,16,18,34
Herkimer,Mohawk Vg PD,2007,4,11,15,0,0,0,4,11,15
Herkimer,Mohawk Vg PD,2008,4,14,18,0,0,0,4,14,18
Herkimer,Mohawk Vg PD,2009,4,13,17,0,0,0,4,13,17
Herkimer,Mohawk Vg PD,2010,4,15,19,0,0,0,4,15,19
Herkimer,Mohawk Vg PD,2011,4,13,17,0,0,0,4,13,17
Herkimer,Mohawk Vg PD,2012,4,13,17,0,0,0,4,13,17
Herkimer,Mohawk Vg PD,2013,4,14,18,0,0,0,4,14,18
Herkimer,Mohawk Vg PD,2014,4,12,16,0,0,0,4,12,16
Herkimer,Mohawk Vg PD,2015,4,14,18,0,0,0,4,14,18
Herkimer,Mohawk Vg PD,2016,4,16,20,0,0,0,4,16,20
Herkimer,Mohawk Vg PD,2017,4,14,18,0,0,0,4,14,18
Herkimer,Mohawk Vg PD,2018,4,12,16,0,0,0,4,12,16
Herkimer,Mohawk Vg PD,2019,4,11,15,0,0,0,4,11,15
Herkimer,Mohawk Vg PD,2020,4,13,17,0,0,0,4,13,17
Herkimer,Mohawk Vg PD,2021,4,13,17,0,0,0,4,13,17
Herkimer,Mohawk Vg PD,2022,4,12,16,0,0,0,4,12,16
Herkimer,Mohawk Vg PD,2023,4,7,11,0,0,0,4,7,11
Herkimer,Webb Town PD,2008,5,2,7,0,0,0,5,2,7
Herkimer,Webb Town PD,2009,5,2,7,0,0,0,5,2,7
Herkimer,Webb Town PD,2010,5,2,7,0,0,0,5,2,7
Herkimer,Webb Town PD,2011,5,4,9,0,0,0,5,4,9
Herkimer,Webb Town PD,2012,5,4,9,0,0,0,5,4,9
Herkimer,Webb Town PD,2013,4,1,5,0,0,0,4,1,5
Herkimer,Webb Town PD,2014,5,1,6,0,0,0,5,1,6
Herkimer,Webb Town PD,2015,5,3,8,0,0,0,5,3,8
Herkimer,Webb Town PD,2016,5,3,8,0,0,0,5,3,8
Herkimer,Webb Town PD,2017,6,4,10,0,0,0,6,4,10
Herkimer,Webb Town PD,2018,6,3,9,0,1,1,6,4,10
Herkimer,Webb Town PD,2019,6,4,10,0,1,1,6,5,11
Herkimer,Webb Town PD,2020,6,4,10,0,1,1,6,5,11
Herkimer,Webb Town PD,2021,7,3,10,1,0,1,8,3,11
Herkimer,Webb Town PD,2022,9,3,12,1,0,1,10,3,13
Herkimer,Webb Town PD,2023,9,3,12,0,1,1,9,4,13
Jefferson,Adams Vg PD,2007,0,7,7,0,0,0,0,7,7
Jefferson,Adams Vg PD,2008,0,7,7,0,0,0,0,7,7
Jefferson,Adams Vg PD,2009,0,6,6,0,1,1,0,7,7
Jefferson,Adams Vg PD,2010,0,5,5,0,1,1,0,6,6
Jefferson,Adams Vg PD,2011,0,5,5,0,1,1,0,6,6
Jefferson,Adams Vg PD,2012,0,5,5,0,1,1,0,6,6
Jefferson,Adams Vg PD,2013,0,6,6,0,1,1,0,7,7
Jefferson,Adams Vg PD,2014,0,5,5,0,1,1,0,6,6
Jefferson,Adams Vg PD,2015,0,6,6,0,0,0,0,6,6
Jefferson,Adams Vg PD,2016,0,6,6,0,0,0,0,6,6
Jefferson,Adams Vg PD,2017,0,6,6,0,1,1,0,7,7
Jefferson,Adams Vg PD,2018,0,5,5,0,1,1,0,6,6
Jefferson,Adams Vg PD,2020,0,7,7,0,0,0,0,7,7
Jefferson,Adams Vg PD,2021,0,7,7,0,0,0,0,7,7
Jefferson,Adams Vg PD,2022,0,7,7,0,0,0,0,7,7
Jefferson,Adams Vg PD,2023,0,6,6,0,0,0,0,6,6
Jefferson,Alexandria Bay Vg PD,2007,1,12,13,0,0,0,1,12,13
Jefferson,Alexandria Bay Vg PD,2008,2,12,14,0,0,0,2,12,14
Jefferson,Alexandria Bay Vg PD,2009,2,8,10,0,0,0,2,8,10
Jefferson,Alexandria Bay Vg PD,2010,2,9,11,0,0,0,2,9,11
Jefferson,Alexandria Bay Vg PD,2011,2,9,11,0,0,0,2,9,11
Jefferson,Alexandria Bay Vg PD,2012,2,11,13,0,0,0,2,11,13
Jefferson,Alexandria Bay Vg PD,2013,2,10,12,0,0,0,2,10,12
Jefferson,Alexandria Bay Vg PD,2014,1,11,12,0,0,0,1,11,12
Jefferson,Alexandria Bay Vg PD,2015,1,12,13,0,0,0,1,12,13
Jefferson,Alexandria Bay Vg PD,2016,1,12,13,0,0,0,1,12,13
Jefferson,Alexandria Bay Vg PD,2017,1,12,13,0,0,0,1,12,13
Jefferson,Alexandria Bay Vg PD,2018,0,12,12,0,0,0,0,12,12
Jefferson,Alexandria Bay Vg PD,2019,0,11,11,0,0,0,0,11,11
Jefferson,Alexandria Bay Vg PD,2020,0,13,13,0,0,0,0,13,13
Jefferson,Alexandria Bay Vg PD,2021,0,11,11,0,0,0,0,11,11
Jefferson,Alexandria Bay Vg PD,2022,0,11,11,0,0,0,0,11,11
Jefferson,Alexandria Bay Vg PD,2023,0,11,11,0,0,0,0,11,11
Jefferson,Black River Vg PD,2013,0,3,3,0,0,0,0,3,3
Jefferson,Black River Vg PD,2014,0,3,3,0,0,0,0,3,3
Jefferson,Black River Vg PD,2015,0,3,3,0,0,0,0,3,3
Jefferson,Black River Vg PD,2016,0,2,2,0,0,0,0,2,2
Jefferson,Black River Vg PD,2017,0,2,2,0,0,0,0,2,2
Jefferson,Black River Vg PD,2018,0,2,2,0,0,0,0,2,2
Jefferson,Black River Vg PD,2019,0,2,2,0,0,0,0,2,2
Jefferson,Black River Vg PD,2020,0,1,1,0,0,0,0,1,1
Jefferson,Black River Vg PD,2021,0,1,1,0,0,0,0,1,1
Jefferson,Black River Vg PD,2022,0,1,1,0,0,0,0,1,1
Jefferson,Black River Vg PD,2023,0,1,1,0,0,0,0,1,1
Jefferson,Cape Vincent Vg PD,2007,0,4,4,0,0,0,0,4,4
Jefferson,Cape Vincent Vg PD,2008,0,5,5,0,0,0,0,5,5
Jefferson,Cape Vincent Vg PD,2009,0,5,5,0,1,1,0,6,6
Jefferson,Cape Vincent Vg PD,2010,0,5,5,0,0,0,0,5,5
Jefferson,Cape Vincent Vg PD,2015,0,5,5,0,0,0,0,5,5
Jefferson,Cape Vincent Vg PD,2016,0,5,5,0,0,0,0,5,5
Jefferson,Cape Vincent Vg PD,2017,0,5,5,0,0,0,0,5,5
Jefferson,Cape Vincent Vg PD,2018,0,5,5,0,0,0,0,5,5
Jefferson,Cape Vincent Vg PD,2019,0,6,6,0,0,0,0,6,6
Jefferson,Cape Vincent Vg PD,2020,0,5,5,0,0,0,0,5,5
Jefferson,Cape Vincent Vg PD,2021,0,5,5,0,0,0,0,5,5
Jefferson,Cape Vincent Vg PD,2022,0,5,5,0,0,0,0,5,5
Jefferson,Cape Vincent Vg PD,2023,0,2,2,0,0,0,0,2,2
Jefferson,Carthage Vg PD,2007,5,5,10,0,0,0,5,5,10
Jefferson,Carthage Vg PD,2008,4,5,9,0,0,0,4,5,9
Jefferson,Carthage Vg PD,2009,4,4,8,0,0,0,4,4,8
Jefferson,Carthage Vg PD,2010,3,6,9,0,0,0,3,6,9
Jefferson,Carthage Vg PD,2011,3,6,9,0,0,0,3,6,9
Jefferson,Carthage Vg PD,2012,4,5,9,0,0,0,4,5,9
Jefferson,Carthage Vg PD,2013,4,5,9,0,0,0,4,5,9
Jefferson,Carthage Vg PD,2014,4,5,9,0,0,0,4,5,9
Jefferson,Carthage Vg PD,2015,4,6,10,0,0,0,4,6,10
Jefferson,Carthage Vg PD,2016,3,6,9,0,0,0,3,6,9
Jefferson,Carthage Vg PD,2017,4,7,11,0,0,0,4,7,11
Jefferson,Carthage Vg PD,2018,4,7,11,0,0,0,4,7,11
Jefferson,Carthage Vg PD,2019,3,4,7,0,0,0,3,4,7
Jefferson,Carthage Vg PD,2020,4,2,6,0,0,0,4,2,6
Jefferson,Carthage Vg PD,2021,4,2,6,0,0,0,4,2,6
Jefferson,Carthage Vg PD,2022,4,2,6,0,0,0,4,2,6
Jefferson,Carthage Vg PD,2023,2,2,4,0,0,0,2,2,4
Jefferson,Clayton Vg PD,2007,3,3,6,0,0,0,3,3,6
Jefferson,Clayton Vg PD,2009,3,4,7,0,1,1,3,5,8
Jefferson,Clayton Vg PD,2010,3,4,7,0,6,6,3,10,13
Jefferson,Clayton Vg PD,2011,3,4,7,0,0,0,3,4,7
Jefferson,Clayton Vg PD,2012,3,2,5,0,0,0,3,2,5
Jefferson,Clayton Vg PD,2013,3,2,5,0,2,2,3,4,7
Jefferson,Clayton Vg PD,2014,3,3,6,0,0,0,3,3,6
Jefferson,Clayton Vg PD,2015,3,3,6,0,2,2,3,5,8
Jefferson,Clayton Vg PD,2016,3,3,6,0,2,2,3,5,8
Jefferson,Clayton Vg PD,2017,3,4,7,0,2,2,3,6,9
Jefferson,Clayton Vg PD,2018,7,0,7,1,0,1,8,0,8
Jefferson,Clayton Vg PD,2019,3,4,7,0,2,2,3,6,9
Jefferson,Clayton Vg PD,2020,2,5,7,0,0,0,2,5,7
Jefferson,Clayton Vg PD,2021,2,4,6,0,1,1,2,5,7
Jefferson,Clayton Vg PD,2022,6,0,6,2,0,2,8,0,8
Jefferson,Clayton Vg PD,2023,2,4,6,0,2,2,2,6,8
Jefferson,Dexter Vg PD,2007,0,2,2,0,0,0,0,2,2
Jefferson,Dexter Vg PD,2008,0,2,2,0,0,0,0,2,2
Jefferson,Dexter Vg PD,2010,0,2,2,0,0,0,0,2,2
Jefferson,Dexter Vg PD,2013,0,2,2,0,0,0,0,2,2
Jefferson,Dexter Vg PD,2014,0,3,3,0,0,0,0,3,3
Jefferson,Dexter Vg PD,2015,0,3,3,0,0,0,0,3,3
Jefferson,Dexter Vg PD,2016,0,3,3,0,0,0,0,3,3
Jefferson,Dexter Vg PD,2017,0,3,3,0,0,0,0,3,3
Jefferson,Dexter Vg PD,2018,0,2,2,0,0,0,0,2,2
Jefferson,Dexter Vg PD,2019,0,2,2,0,0,0,0,2,2
Jefferson,Dexter Vg PD,2020,0,3,3,0,0,0,0,3,3
Jefferson,Dexter Vg PD,2021,0,3,3,0,0,0,0,3,3
Jefferson,Dexter Vg PD,2022,0,2,2,0,0,0,0,2,2
Jefferson,Dexter Vg PD,2023,0,2,2,0,0,0,0,2,2
Jefferson,Glen Park Vg PD,2007,0,1,1,0,0,0,0,1,1
Jefferson,Glen Park Vg PD,2008,0,1,1,0,0,0,0,1,1
Jefferson,Glen Park Vg PD,2009,0,1,1,0,0,0,0,1,1
Jefferson,Glen Park Vg PD,2010,0,1,1,0,0,0,0,1,1
Jefferson,Glen Park Vg PD,2011,0,1,1,0,0,0,0,1,1
Jefferson,Glen Park Vg PD,2012,0,1,1,0,0,0,0,1,1
Jefferson,Glen Park Vg PD,2013,0,1,1,0,0,0,0,1,1
Jefferson,Glen Park Vg PD,2014,0,1,1,0,0,0,0,1,1
Jefferson,Glen Park Vg PD,2015,0,1,1,0,0,0,0,1,1
Jefferson,Glen Park Vg PD,2016,0,1,1,0,0,0,0,1,1
Jefferson,Glen Park Vg PD,2017,0,1,1,0,0,0,0,1,1
Jefferson,Glen Park Vg PD,2018,0,1,1,0,0,0,0,1,1
Jefferson,Glen Park Vg PD,2019,0,1,1,0,0,0,0,1,1
Jefferson,Glen Park Vg PD,2020,0,1,1,0,0,0,0,1,1
Jefferson,Glen Park Vg PD,2021,0,1,1,0,0,0,0,1,1
Jefferson,Glen Park Vg PD,2022,0,1,1,0,0,0,0,1,1
Jefferson,Glen Park Vg PD,2023,0,1,1,0,0,0,0,1,1
Jefferson,Jefferson County Sheriff,2007,45,0,45,9,0,9,54,0,54
Jefferson,Jefferson County Sheriff,2008,45,0,45,9,0,9,54,0,54
Jefferson,Jefferson County Sheriff,2009,45,0,45,9,0,9,54,0,54
Jefferson,Jefferson County Sheriff,2010,44,0,44,9,0,9,53,0,53
Jefferson,Jefferson County Sheriff,2011,44,0,44,9,0,9,53,0,53
Jefferson,Jefferson County Sheriff,2012,44,0,44,9,0,9,53,0,53
Jefferson,Jefferson County Sheriff,2013,41,0,41,9,0,9,50,0,50
Jefferson,Jefferson County Sheriff,2014,42,0,42,17,4,21,59,4,63
Jefferson,Jefferson County Sheriff,2015,42,0,42,16,10,26,58,10,68
Jefferson,Jefferson County Sheriff,2016,40,0,40,17,10,27,57,10,67
Jefferson,Jefferson County Sheriff,2017,41,0,41,18,9,27,59,9,68
Jefferson,Jefferson County Sheriff,2018,43,0,43,15,10,25,58,10,68
Jefferson,Jefferson County Sheriff,2019,44,0,44,14,9,23,58,9,67
Jefferson,Jefferson County Sheriff,2020,43,0,43,15,9,24,58,9,67
Jefferson,Jefferson County Sheriff,2021,41,0,41,17,9,26,58,9,67
Jefferson,Jefferson County Sheriff,2022,44,0,44,15,11,26,59,11,70
Jefferson,Jefferson County Sheriff,2023,44,0,44,11,9,20,55,9,64
Jefferson,Sackets Harbor Vg PD,2007,0,9,9,0,0,0,0,9,9
Jefferson,Sackets Harbor Vg PD,2008,0,8,8,0,0,0,0,8,8
Jefferson,Sackets Harbor Vg PD,2009,0,9,9,0,0,0,0,9,9
Jefferson,Sackets Harbor Vg PD,2010,0,7,7,0,1,1,0,8,8
Jefferson,Sackets Harbor Vg PD,2011,0,8,8,0,0,0,0,8,8
Jefferson,Sackets Harbor Vg PD,2012,0,8,8,0,0,0,0,8,8
Jefferson,Sackets Harbor Vg PD,2013,0,8,8,0,0,0,0,8,8
Jefferson,Sackets Harbor Vg PD,2014,0,9,9,0,0,0,0,9,9
Jefferson,Sackets Harbor Vg PD,2015,0,8,8,0,0,0,0,8,8
Jefferson,Sackets Harbor Vg PD,2017,0,7,7,0,0,0,0,7,7
Jefferson,Sackets Harbor Vg PD,2018,0,9,9,0,0,0,0,9,9
Jefferson,Sackets Harbor Vg PD,2019,0,8,8,0,0,0,0,8,8
Jefferson,Sackets Harbor Vg PD,2020,0,7,7,0,0,0,0,7,7
Jefferson,Sackets Harbor Vg PD,2021,0,7,7,0,0,0,0,7,7
Jefferson,Sackets Harbor Vg PD,2022,0,7,7,0,0,0,0,7,7
Jefferson,Sackets Harbor Vg PD,2023,0,9,9,0,0,0,0,9,9
Jefferson,Theresa Vg PD,2017,0,2,2,0,0,0,0,2,2
Jefferson,Theresa Vg PD,2018,0,3,3,0,0,0,0,3,3
Jefferson,Theresa Vg PD,2020,0,2,2,0,0,0,0,2,2
Jefferson,Theresa Vg PD,2021,0,3,3,0,0,0,0,3,3
Jefferson,Theresa Vg PD,2022,0,3,3,0,0,0,0,3,3
Jefferson,Theresa Vg PD,2023,0,3,3,0,0,0,0,3,3
Jefferson,Watertown City PD,2007,73,0,73,4,16,20,77,16,93
Jefferson,Watertown City PD,2008,68,0,68,4,0,4,72,0,72
Jefferson,Watertown City PD,2009,65,0,65,4,0,4,69,0,69
Jefferson,Watertown City PD,2010,66,0,66,4,0,4,70,0,70
Jefferson,Watertown City PD,2011,64,0,64,4,0,4,68,0,68
Jefferson,Watertown City PD,2012,66,0,66,4,0,4,70,0,70
Jefferson,Watertown City PD,2013,63,0,63,4,15,19,67,15,82
Jefferson,Watertown City PD,2014,66,0,66,3,15,18,69,15,84
Jefferson,Watertown City PD,2015,65,0,65,3,14,17,68,14,82
Jefferson,Watertown City PD,2016,65,0,65,3,0,3,68,0,68
Jefferson,Watertown City PD,2017,65,0,65,3,0,3,68,0,68
Jefferson,Watertown City PD,2018,68,0,68,3,0,3,71,0,71
Jefferson,Watertown City PD,2019,67,0,67,3,1,4,70,1,71
Jefferson,Watertown City PD,2020,62,0,62,3,0,3,65,0,65
Jefferson,Watertown City PD,2021,68,0,68,3,0,3,71,0,71
Jefferson,Watertown City PD,2022,61,0,61,3,0,3,64,0,64
Jefferson,Watertown City PD,2023,70,0,70,3,1,4,73,1,74
Jefferson,West Carthage Vg PD,2007,0,7,7,0,0,0,0,7,7
Jefferson,West Carthage Vg PD,2009,0,7,7,0,0,0,0,7,7
Jefferson,West Carthage Vg PD,2010,0,8,8,0,0,0,0,8,8
Jefferson,West Carthage Vg PD,2011,0,8,8,0,0,0,0,8,8
Jefferson,West Carthage Vg PD,2012,0,8,8,0,0,0,0,8,8
Jefferson,West Carthage Vg PD,2013,0,8,8,0,0,0,0,8,8
Jefferson,West Carthage Vg PD,2014,0,9,9,0,0,0,0,9,9
Jefferson,West Carthage Vg PD,2015,0,9,9,0,0,0,0,9,9
Jefferson,West Carthage Vg PD,2016,0,8,8,0,0,0,0,8,8
Jefferson,West Carthage Vg PD,2017,0,9,9,0,0,0,0,9,9
Jefferson,West Carthage Vg PD,2018,0,9,9,0,0,0,0,9,9
Jefferson,West Carthage Vg PD,2019,0,8,8,0,0,0,0,8,8
Jefferson,West Carthage Vg PD,2020,0,9,9,0,0,0,0,9,9
Jefferson,West Carthage Vg PD,2021,0,8,8,0,0,0,0,8,8
Jefferson,West Carthage Vg PD,2022,0,9,9,0,0,0,0,9,9
Jefferson,West Carthage Vg PD,2023,0,7,7,0,0,0,0,7,7
Lewis,Lewis County Sheriff,2007,17,3,20,12,5,17,29,8,37
Lewis,Lewis County Sheriff,2008,16,3,19,10,5,15,26,8,34
Lewis,Lewis County Sheriff,2009,19,3,22,12,7,19,31,10,41
Lewis,Lewis County Sheriff,2010,19,3,22,11,7,18,30,10,40
Lewis,Lewis County Sheriff,2011,19,3,22,11,7,18,30,10,40
Lewis,Lewis County Sheriff,2012,18,2,20,11,5,16,29,7,36
Lewis,Lewis County Sheriff,2013,18,2,20,10,5,15,28,7,35
Lewis,Lewis County Sheriff,2014,19,2,21,10,5,15,29,7,36
Lewis,Lewis County Sheriff,2015,17,2,19,9,4,13,26,6,32
Lewis,Lewis County Sheriff,2016,17,2,19,9,3,12,26,5,31
Lewis,Lewis County Sheriff,2017,20,3,23,9,6,15,29,9,38
Lewis,Lewis County Sheriff,2018,20,3,23,10,3,13,30,6,36
Lewis,Lewis County Sheriff,2019,22,3,25,0,0,0,22,3,25
Lewis,Lewis County Sheriff,2020,22,3,25,10,5,15,32,8,40
Lewis,Lewis County Sheriff,2021,21,3,24,0,0,0,21,3,24
Lewis,Lewis County Sheriff,2022,22,2,24,0,3,3,22,5,27
Lewis,Lewis County Sheriff,2023,22,2,24,1,1,2,23,3,26
Lewis,Lowville Vg PD,2007,7,6,13,0,0,0,7,6,13
Lewis,Lowville Vg PD,2008,6,8,14,0,0,0,6,8,14
Lewis,Lowville Vg PD,2009,6,8,14,0,0,0,6,8,14
Lewis,Lowville Vg PD,2010,6,8,14,0,0,0,6,8,14
Lewis,Lowville Vg PD,2011,6,8,14,0,0,0,6,8,14
Lewis,Lowville Vg PD,2012,6,8,14,0,0,0,6,8,14
Lewis,Lowville Vg PD,2013,6,8,14,0,0,0,6,8,14
Lewis,Lowville Vg PD,2014,7,7,14,0,0,0,7,7,14
Lewis,Lowville Vg PD,2015,6,8,14,0,0,0,6,8,14
Lewis,Lowville Vg PD,2016,6,8,14,0,0,0,6,8,14
Lewis,Lowville Vg PD,2017,6,9,15,0,0,0,6,9,15
Lewis,Lowville Vg PD,2018,5,7,12,0,2,2,5,9,14
Lewis,Lowville Vg PD,2019,6,9,15,0,2,2,6,11,17
Lewis,Lowville Vg PD,2020,6,7,13,0,3,3,6,10,16
Lewis,Lowville Vg PD,2021,6,7,13,0,2,2,6,9,15
Lewis,Lowville Vg PD,2022,6,6,12,0,2,2,6,8,14
Lewis,Lowville Vg PD,2023,4,5,9,0,0,0,4,5,9
Livingston,Avon Vg PD,2007,5,4,9,0,0,0,5,4,9
Livingston,Avon Vg PD,2008,5,6,11,0,0,0,5,6,11
Livingston,Avon Vg PD,2010,5,5,10,0,0,0,5,5,10
Livingston,Avon Vg PD,2013,4,5,9,0,0,0,4,5,9
Livingston,Avon Vg PD,2014,4,6,10,0,0,0,4,6,10
Livingston,Avon Vg PD,2015,4,5,9,0,0,0,4,5,9
Livingston,Avon Vg PD,2016,4,6,10,0,0,0,4,6,10
Livingston,Avon Vg PD,2017,4,5,9,0,0,0,4,5,9
Livingston,Avon Vg PD,2018,4,5,9,0,0,0,4,5,9
Livingston,Avon Vg PD,2019,5,4,9,0,0,0,5,4,9
Livingston,Avon Vg PD,2020,5,5,10,0,0,0,5,5,10
Livingston,Avon Vg PD,2021,5,4,9,0,0,0,5,4,9
Livingston,Avon Vg PD,2022,5,3,8,0,0,0,5,3,8
Livingston,Avon Vg PD,2023,5,5,10,0,0,0,5,5,10
Livingston,Caledonia Vg PD,2008,5,3,8,0,0,0,5,3,8
Livingston,Caledonia Vg PD,2009,2,5,7,0,0,0,2,5,7
Livingston,Caledonia Vg PD,2010,2,4,6,0,0,0,2,4,6
Livingston,Caledonia Vg PD,2011,3,4,7,0,0,0,3,4,7
Livingston,Caledonia Vg PD,2012,3,3,6,0,0,0,3,3,6
Livingston,Caledonia Vg PD,2013,3,6,9,0,0,0,3,6,9
Livingston,Caledonia Vg PD,2014,3,5,8,0,0,0,3,5,8
Livingston,Caledonia Vg PD,2015,3,4,7,0,0,0,3,4,7
Livingston,Caledonia Vg PD,2016,3,6,9,0,0,0,3,6,9
Livingston,Caledonia Vg PD,2017,3,4,7,0,0,0,3,4,7
Livingston,Caledonia Vg PD,2018,3,4,7,0,0,0,3,4,7
Livingston,Caledonia Vg PD,2019,2,6,8,0,0,0,2,6,8
Livingston,Caledonia Vg PD,2020,2,5,7,0,0,0,2,5,7
Livingston,Caledonia Vg PD,2021,2,5,7,0,0,0,2,5,7
Livingston,Caledonia Vg PD,2022,1,8,9,0,0,0,1,8,9
Livingston,Caledonia Vg PD,2023,1,8,9,0,0,0,1,8,9
Livingston,Dansville Vg PD,2007,7,1,8,2,9,11,9,10,19
Livingston,Dansville Vg PD,2008,5,2,7,0,4,4,5,6,11
Livingston,Dansville Vg PD,2009,5,4,9,0,3,3,5,7,12
Livingston,Dansville Vg PD,2010,6,2,8,0,4,4,6,6,12
Livingston,Dansville Vg PD,2011,6,3,9,0,2,2,6,5,11
Livingston,Dansville Vg PD,2012,5,2,7,0,2,2,5,4,9
Livingston,Dansville Vg PD,2013,5,2,7,0,1,1,5,3,8
Livingston,Dansville Vg PD,2014,6,1,7,0,1,1,6,2,8
Livingston,Dansville Vg PD,2015,6,1,7,0,1,1,6,2,8
Livingston,Dansville Vg PD,2016,5,4,9,0,1,1,5,5,10
Livingston,Dansville Vg PD,2017,7,2,9,0,1,1,7,3,10
Livingston,Dansville Vg PD,2018,6,3,9,0,1,1,6,4,10
Livingston,Dansville Vg PD,2020,5,6,11,0,1,1,5,7,12
Livingston,Dansville Vg PD,2021,5,7,12,0,0,0,5,7,12
Livingston,Dansville Vg PD,2022,6,5,11,0,1,1,6,6,12
Livingston,Dansville Vg PD,2023,8,3,11,0,1,1,8,4,12
Livingston,Geneseo Vg PD,2007,8,4,12,0,1,1,8,5,13
Livingston,Geneseo Vg PD,2008,8,3,11,0,1,1,8,4,12
Livingston,Geneseo Vg PD,2009,8,3,11,0,1,1,8,4,12
Livingston,Geneseo Vg PD,2010,8,4,12,0,1,1,8,5,13
Livingston,Geneseo Vg PD,2011,8,4,12,0,1,1,8,5,13
Livingston,Geneseo Vg PD,2012,7,4,11,0,0,0,7,4,11
Livingston,Geneseo Vg PD,2013,7,5,12,0,0,0,7,5,12
Livingston,Geneseo Vg PD,2014,7,5,12,0,0,0,7,5,12
Livingston,Geneseo Vg PD,2015,7,5,12,0,0,0,7,5,12
Livingston,Geneseo Vg PD,2016,8,5,13,0,0,0,8,5,13
Livingston,Geneseo Vg PD,2017,8,6,14,0,0,0,8,6,14
Livingston,Geneseo Vg PD,2018,8,3,11,0,0,0,8,3,11
Livingston,Geneseo Vg PD,2019,8,4,12,0,0,0,8,4,12
Livingston,Geneseo Vg PD,2020,9,4,13,0,0,0,9,4,13
Livingston,Geneseo Vg PD,2021,8,4,12,0,0,0,8,4,12
Livingston,Geneseo Vg PD,2022,9,4,13,0,0,0,9,4,13
Livingston,Geneseo Vg PD,2023,9,4,13,0,0,0,9,4,13
Livingston,Livingston County Sheriff,2007,46,18,64,20,7,27,66,25,91
Livingston,Livingston County Sheriff,2008,48,21,69,23,8,31,71,29,100
Livingston,Livingston County Sheriff,2009,48,24,72,24,6,30,72,30,102
Livingston,Livingston County Sheriff,2010,50,23,73,24,7,31,74,30,104
Livingston,Livingston County Sheriff,2011,49,24,73,24,8,32,73,32,105
Livingston,Livingston County Sheriff,2012,47,24,71,22,6,28,69,30,99
Livingston,Livingston County Sheriff,2013,48,22,70,24,5,29,72,27,99
Livingston,Livingston County Sheriff,2014,49,25,74,23,4,27,72,29,101
Livingston,Livingston County Sheriff,2015,49,28,77,25,8,33,74,36,110
Livingston,Livingston County Sheriff,2016,51,31,82,27,15,42,78,46,124
Livingston,Livingston County Sheriff,2017,49,29,78,26,11,37,75,40,115
Livingston,Livingston County Sheriff,2018,48,29,77,25,10,35,73,39,112
Livingston,Livingston County Sheriff,2019,49,32,81,26,9,35,75,41,116
Livingston,Livingston County Sheriff,2020,51,26,77,4,0,4,55,26,81
Livingston,Livingston County Sheriff,2021,50,30,80,5,0,5,55,30,85
Livingston,Livingston County Sheriff,2022,52,27,79,5,1,6,57,28,85
Livingston,Livingston County Sheriff,2023,53,25,78,22,5,27,75,30,105
Livingston,Mount Morris Vg PD,2007,5,11,16,0,0,0,5,11,16
Livingston,Mount Morris Vg PD,2008,6,11,17,0,0,0,6,11,17
Livingston,Mount Morris Vg PD,2009,5,11,16,0,0,0,5,11,16
Livingston,Mount Morris Vg PD,2010,5,11,16,0,0,0,5,11,16
Livingston,Mount Morris Vg PD,2011,5,10,15,0,0,0,5,10,15
Livingston,Mount Morris Vg PD,2012,5,12,17,0,0,0,5,12,17
Livingston,Mount Morris Vg PD,2013,5,13,18,0,0,0,5,13,18
Livingston,Mount Morris Vg PD,2014,5,12,17,0,0,0,5,12,17
Livingston,Mount Morris Vg PD,2015,5,11,16,0,0,0,5,11,16
Livingston,Mount Morris Vg PD,2016,5,10,15,0,0,0,5,10,15
Livingston,Mount Morris Vg PD,2017,5,9,14,0,0,0,5,9,14
Livingston,Mount Morris Vg PD,2018,3,11,14,1,0,1,4,11,15
Livingston,Mount Morris Vg PD,2019,3,11,14,0,1,1,3,12,15
Livingston,Mount Morris Vg PD,2020,3,13,16,0,0,0,3,13,16
Livingston,Mount Morris Vg PD,2022,4,9,13,0,0,0,4,9,13
Livingston,Nunda Town and Vg PD,2007,0,12,12,0,0,0,0,12,12
Livingston,Nunda Town and Vg PD,2008,0,8,8,0,0,0,0,8,8
Livingston,Nunda Town and Vg PD,2009,0,10,10,0,0,0,0,10,10
Livingston,Nunda Town and Vg PD,2010,0,12,12,0,0,0,0,12,12
Livingston,Nunda Town and Vg PD,2011,0,12,12,0,0,0,0,12,12
Livingston,Nunda Town and Vg PD,2012,0,12,12,0,0,0,0,12,12
Livingston,Nunda Town and Vg PD,2013,0,12,12,0,0,0,0,12,12
Livingston,Nunda Town and Vg PD,2014,0,9,9,0,0,0,0,9,9
Livingston,Nunda Town and Vg PD,2015,0,12,12,0,0,0,0,12,12
Livingston,Nunda Town and Vg PD,2016,0,11,11,0,0,0,0,11,11
Livingston,Nunda Town and Vg PD,2017,0,9,9,0,0,0,0,9,9
Livingston,SUNY Police - Geneseo,2007,16,0,16,5,2,7,21,2,23
Livingston,SUNY Police - Geneseo,2008,16,0,16,5,2,7,21,2,23
Livingston,SUNY Police - Geneseo,2009,13,0,13,5,1,6,18,1,19
Livingston,SUNY Police - Geneseo,2010,12,0,12,4,1,5,16,1,17
Livingston,SUNY Police - Geneseo,2011,12,0,12,4,1,5,16,1,17
Livingston,SUNY Police - Geneseo,2012,13,0,13,4,1,5,17,1,18
Livingston,SUNY Police - Geneseo,2013,15,0,15,4,1,5,19,1,20
Livingston,SUNY Police - Geneseo,2014,13,0,13,5,4,9,18,4,22
Livingston,SUNY Police - Geneseo,2015,15,0,15,7,0,7,22,0,22
Livingston,SUNY Police - Geneseo,2016,15,0,15,7,0,7,22,0,22
Livingston,SUNY Police - Geneseo,2017,15,0,15,8,1,9,23,1,24
Livingston,SUNY Police - Geneseo,2018,17,0,17,7,0,7,24,0,24
Livingston,SUNY Police - Geneseo,2019,16,0,16,7,1,8,23,1,24
Livingston,SUNY Police - Geneseo,2020,15,0,15,7,0,7,22,0,22
Livingston,SUNY Police - Geneseo,2022,16,0,16,6,0,6,22,0,22
Livingston,SUNY Police - Geneseo,2023,15,0,15,7,0,7,22,0,22
Madison,Canastota Vg PD,2007,7,5,12,1,0,1,8,5,13
Madison,Canastota Vg PD,2008,6,8,14,1,0,1,7,8,15
Madison,Canastota Vg PD,2009,7,0,7,1,8,9,8,8,16
Madison,Canastota Vg PD,2010,6,8,14,1,0,1,7,8,15
Madison,Canastota Vg PD,2011,5,10,15,1,0,1,6,10,16
Madison,Canastota Vg PD,2012,5,10,15,1,0,1,6,10,16
Madison,Canastota Vg PD,2013,5,10,15,1,0,1,6,10,16
Madison,Canastota Vg PD,2014,5,10,15,1,0,1,6,10,16
Madison,Canastota Vg PD,2015,5,9,14,1,0,1,6,9,15
Madison,Canastota Vg PD,2016,5,11,16,1,0,1,6,11,17
Madison,Canastota Vg PD,2017,4,14,18,1,0,1,5,14,19
Madison,Canastota Vg PD,2018,4,10,14,1,0,1,5,10,15
Madison,Canastota Vg PD,2019,5,10,15,0,1,1,5,11,16
Madison,Canastota Vg PD,2020,6,6,12,0,1,1,6,7,13
Madison,Canastota Vg PD,2021,2,10,12,0,1,1,2,11,13
Madison,Canastota Vg PD,2022,4,9,13,0,1,1,4,10,14
Madison,Canastota Vg PD,2023,5,13,18,0,1,1,5,14,19
Madison,Cazenovia Vg PD,2007,6,9,15,0,2,2,6,11,17
Madison,Cazenovia Vg PD,2008,3,16,19,0,9,9,3,25,28
Madison,Cazenovia Vg PD,2009,6,12,18,0,2,2,6,14,20
Madison,Cazenovia Vg PD,2010,4,10,14,1,2,3,5,12,17
Madison,Cazenovia Vg PD,2011,4,13,17,1,2,3,5,15,20
Madison,Cazenovia Vg PD,2012,4,12,16,1,2,3,5,14,19
Madison,Cazenovia Vg PD,2013,4,12,16,1,1,2,5,13,18
Madison,Cazenovia Vg PD,2014,4,13,17,1,1,2,5,14,19
Madison,Cazenovia Vg PD,2015,4,13,17,1,10,11,5,23,28
Madison,Cazenovia Vg PD,2016,4,9,13,1,1,2,5,10,15
Madison,Cazenovia Vg PD,2017,4,12,16,1,1,2,5,13,18
Madison,Cazenovia Vg PD,2018,4,10,14,1,1,2,5,11,16
Madison,Cazenovia Vg PD,2019,5,9,14,1,1,2,6,10,16
Madison,Cazenovia Vg PD,2020,5,12,17,1,9,10,6,21,27
Madison,Cazenovia Vg PD,2021,5,13,18,1,9,10,6,22,28
Madison,Cazenovia Vg PD,2022,5,11,16,1,9,10,6,20,26
Madison,Cazenovia Vg PD,2023,5,9,14,1,9,10,6,18,24
Madison,Chittenango Vg PD,2007,6,12,18,1,2,3,7,14,21
Madison,Chittenango Vg PD,2008,4,16,20,1,1,2,5,17,22
Madison,Chittenango Vg PD,2009,4,18,22,1,2,3,5,20,25
Madison,Chittenango Vg PD,2010,4,21,25,1,2,3,5,23,28
Madison,Chittenango Vg PD,2011,3,23,26,1,2,3,4,25,29
Madison,Chittenango Vg PD,2012,3,20,23,1,2,3,4,22,26
Madison,Chittenango Vg PD,2013,2,18,20,1,2,3,3,20,23
Madison,Chittenango Vg PD,2014,1,21,22,1,3,4,2,24,26
Madison,Chittenango Vg PD,2015,1,20,21,1,1,2,2,21,23
Madison,Chittenango Vg PD,2016,1,23,24,2,1,3,3,24,27
Madison,Chittenango Vg PD,2017,2,20,22,1,0,1,3,20,23
Madison,Chittenango Vg PD,2018,2,17,19,1,0,1,3,17,20
Madison,Chittenango Vg PD,2019,2,22,24,1,0,1,3,22,25
Madison,Chittenango Vg PD,2020,1,17,18,1,1,2,2,18,20
Madison,Chittenango Vg PD,2021,1,20,21,0,0,0,1,20,21
Madison,Chittenango Vg PD,2022,0,18,18,0,1,1,0,19,19
Madison,Chittenango Vg PD,2023,0,18,18,0,1,1,0,19,19
Madison,Hamilton Vg PD,2007,3,14,17,0,1,1,3,15,18
Madison,Hamilton Vg PD,2008,3,14,17,0,0,0,3,14,17
Madison,Hamilton Vg PD,2009,2,16,18,0,0,0,2,16,18
Madison,Hamilton Vg PD,2010,3,14,17,0,1,1,3,15,18
Madison,Hamilton Vg PD,2011,4,10,14,0,1,1,4,11,15
Madison,Hamilton Vg PD,2012,5,7,12,0,1,1,5,8,13
Madison,Hamilton Vg PD,2013,5,7,12,0,0,0,5,7,12
Madison,Hamilton Vg PD,2014,5,8,13,0,1,1,5,9,14
Madison,Hamilton Vg PD,2015,5,7,12,0,2,2,5,9,14
Madison,Hamilton Vg PD,2016,5,3,8,0,3,3,5,6,11
Madison,Hamilton Vg PD,2017,5,10,15,0,2,2,5,12,17
Madison,Hamilton Vg PD,2018,5,10,15,0,2,2,5,12,17
Madison,Hamilton Vg PD,2019,4,10,14,0,1,1,4,11,15
Madison,Hamilton Vg PD,2020,5,10,15,0,1,1,5,11,16
Madison,Hamilton Vg PD,2021,4,8,12,0,1,1,4,9,13
Madison,Hamilton Vg PD,2022,4,6,10,0,1,1,4,7,11
Madison,Hamilton Vg PD,2023,3,6,9,0,1,1,3,7,10
Madison,Madison County Sheriff,2007,33,42,75,7,0,7,40,42,82
Madison,Madison County Sheriff,2008,30,42,72,9,2,11,39,44,83
Madison,Madison County Sheriff,2009,32,44,76,9,2,11,41,46,87
Madison,Madison County Sheriff,2010,30,34,64,9,1,10,39,35,74
Madison,Madison County Sheriff,2011,30,38,68,9,2,11,39,40,79
Madison,Madison County Sheriff,2012,32,43,75,8,2,10,40,45,85
Madison,Madison County Sheriff,2013,30,42,72,9,2,11,39,44,83
Madison,Madison County Sheriff,2014,28,37,65,9,2,11,37,39,76
Madison,Madison County Sheriff,2015,32,37,69,9,2,11,41,39,80
Madison,Madison County Sheriff,2016,34,30,64,10,2,12,44,32,76
Madison,Madison County Sheriff,2017,35,32,67,10,3,13,45,35,80
Madison,Madison County Sheriff,2018,38,28,66,11,2,13,49,30,79
Madison,Madison County Sheriff,2019,40,40,80,12,2,14,52,42,94
Madison,Madison County Sheriff,2020,42,39,81,12,2,14,54,41,95
Madison,Madison County Sheriff,2021,43,35,78,10,3,13,53,38,91
Madison,Madison County Sheriff,2022,41,36,77,11,2,13,52,38,90
Madison,Madison County Sheriff,2023,42,41,83,10,3,13,52,44,96
Madison,Oneida City PD,2007,24,0,24,3,2,5,27,2,29
Madison,Oneida City PD,2008,24,0,24,4,0,4,28,0,28
Madison,Oneida City PD,2009,24,0,24,3,2,5,27,2,29
Madison,Oneida City PD,2010,22,0,22,4,8,12,26,8,34
Madison,Oneida City PD,2011,22,0,22,4,0,4,26,0,26
Madison,Oneida City PD,2012,23,0,23,4,0,4,27,0,27
Madison,Oneida City PD,2013,23,0,23,4,7,11,27,7,34
Madison,Oneida City PD,2014,23,0,23,4,7,11,27,7,34
Madison,Oneida City PD,2015,23,0,23,4,0,4,27,0,27
Madison,Oneida City PD,2016,23,0,23,4,0,4,27,0,27
Madison,Oneida City PD,2018,23,0,23,4,0,4,27,0,27
Madison,Oneida City PD,2019,25,0,25,4,0,4,29,0,29
Madison,Oneida City PD,2020,24,0,24,4,5,9,28,5,33
Madison,Oneida City PD,2021,25,0,25,4,5,9,29,5,34
Madison,Oneida City PD,2022,28,0,28,4,5,9,32,5,37
Madison,Oneida City PD,2023,27,0,27,4,4,8,31,4,35
Madison,SUNY Police - Morrisville,2007,11,0,11,1,0,1,12,0,12
Madison,SUNY Police - Morrisville,2008,10,0,10,1,0,1,11,0,11
Madison,SUNY Police - Morrisville,2009,10,0,10,1,0,1,11,0,11
Madison,SUNY Police - Morrisville,2010,10,2,12,1,1,2,11,3,14
Madison,SUNY Police - Morrisville,2012,12,0,12,2,0,2,14,0,14
Madison,SUNY Police - Morrisville,2013,11,0,11,2,0,2,13,0,13
Madison,SUNY Police - Morrisville,2014,10,0,10,3,0,3,13,0,13
Madison,SUNY Police - Morrisville,2015,12,0,12,2,4,6,14,4,18
Madison,SUNY Police - Morrisville,2016,12,0,12,2,14,16,14,14,28
Madison,SUNY Police - Morrisville,2017,12,0,12,3,7,10,15,7,22
Madison,SUNY Police - Morrisville,2018,10,0,10,4,5,9,14,5,19
Madison,SUNY Police - Morrisville,2019,12,0,12,4,4,8,16,4,20
Madison,SUNY Police - Morrisville,2020,13,0,13,3,4,7,16,4,20
Madison,SUNY Police - Morrisville,2021,13,0,13,2,1,3,15,1,16
Madison,SUNY Police - Morrisville,2022,12,0,12,2,1,3,14,1,15
Madison,SUNY Police - Morrisville,2023,14,0,14,2,1,3,16,1,17
Monroe,Brighton Town PD,2007,41,0,41,6,6,12,47,6,53
Monroe,Brighton Town PD,2008,40,0,40,6,6,12,46,6,52
Monroe,Brighton Town PD,2009,39,0,39,6,5,11,45,5,50
Monroe,Brighton Town PD,2010,39,0,39,6,5,11,45,5,50
Monroe,Brighton Town PD,2011,39,0,39,6,5,11,45,5,50
Monroe,Brighton Town PD,2012,40,0,40,6,5,11,46,5,51
Monroe,Brighton Town PD,2013,40,0,40,6,3,9,46,3,49
Monroe,Brighton Town PD,2014,40,0,40,6,3,9,46,3,49
Monroe,Brighton Town PD,2015,39,0,39,6,3,9,45,3,48
Monroe,Brighton Town PD,2016,38,0,38,6,4,10,44,4,48
Monroe,Brighton Town PD,2017,40,0,40,6,4,10,46,4,50
Monroe,Brighton Town PD,2018,39,4,43,6,4,10,45,8,53
Monroe,Brighton Town PD,2019,38,4,42,6,4,10,44,8,52
Monroe,Brighton Town PD,2020,38,5,43,6,4,10,44,9,53
Monroe,Brighton Town PD,2021,39,5,44,5,3,8,44,8,52
Monroe,Brighton Town PD,2022,39,4,43,6,3,9,45,7,52
Monroe,Brighton Town PD,2023,39,4,43,5,3,8,44,7,51
Monroe,Brockport Vg PD,2007,11,3,14,1,2,3,12,5,17
Monroe,Brockport Vg PD,2008,11,5,16,1,3,4,12,8,20
Monroe,Brockport Vg PD,2009,12,3,15,1,3,4,13,6,19
Monroe,Brockport Vg PD,2010,11,1,12,1,3,4,12,4,16
Monroe,Brockport Vg PD,2011,11,3,14,1,2,3,12,5,17
Monroe,Brockport Vg PD,2012,11,2,13,1,2,3,12,4,16
Monroe,Brockport Vg PD,2013,11,3,14,1,2,3,12,5,17
Monroe,Brockport Vg PD,2014,15,0,15,1,3,4,16,3,19
Monroe,Brockport Vg PD,2015,13,0,13,1,3,4,14,3,17
Monroe,Brockport Vg PD,2016,15,0,15,1,3,4,16,3,19
Monroe,Brockport Vg PD,2017,15,0,15,1,3,4,16,3,19
Monroe,Brockport Vg PD,2018,15,0,15,1,3,4,16,3,19
Monroe,Brockport Vg PD,2019,15,0,15,1,3,4,16,3,19
Monroe,Brockport Vg PD,2020,15,0,15,1,3,4,16,3,19
Monroe,Brockport Vg PD,2021,15,0,15,1,1,2,16,1,17
Monroe,Brockport Vg PD,2022,13,0,13,1,2,3,14,2,16
Monroe,Brockport Vg PD,2023,13,0,13,1,0,1,14,0,14
Monroe,East Rochester Vg PD,2007,7,6,13,1,1,2,8,7,15
Monroe,East Rochester Vg PD,2008,8,8,16,1,2,3,9,10,19
Monroe,East Rochester Vg PD,2009,8,11,19,1,1,2,9,12,21
Monroe,East Rochester Vg PD,2010,8,10,18,1,1,2,9,11,20
Monroe,East Rochester Vg PD,2011,8,10,18,1,1,2,9,11,20
Monroe,East Rochester Vg PD,2012,9,6,15,1,1,2,10,7,17
Monroe,East Rochester Vg PD,2013,8,6,14,1,1,2,9,7,16
Monroe,East Rochester Vg PD,2014,8,5,13,1,1,2,9,6,15
Monroe,East Rochester Vg PD,2016,8,6,14,1,1,2,9,7,16
Monroe,East Rochester Vg PD,2017,9,7,16,1,1,2,10,8,18
Monroe,East Rochester Vg PD,2018,8,6,14,1,1,2,9,7,16
Monroe,East Rochester Vg PD,2019,8,6,14,1,1,2,9,7,16
Monroe,East Rochester Vg PD,2022,9,7,16,1,9,10,10,16,26
Monroe,East Rochester Vg PD,2023,10,7,17,1,8,9,11,15,26
Monroe,Fairport Vg PD,2007,10,0,10,1,0,1,11,0,11
Monroe,Fairport Vg PD,2008,10,0,10,1,0,1,11,0,11
Monroe,Fairport Vg PD,2009,10,0,10,1,0,1,11,0,11
Monroe,Fairport Vg PD,2010,9,1,10,1,0,1,10,1,11
Monroe,Fairport Vg PD,2011,10,0,10,1,0,1,11,0,11
Monroe,Fairport Vg PD,2012,10,0,10,1,0,1,11,0,11
Monroe,Fairport Vg PD,2013,10,0,10,1,0,1,11,0,11
Monroe,Fairport Vg PD,2014,10,0,10,1,0,1,11,0,11
Monroe,Fairport Vg PD,2015,9,0,9,1,0,1,10,0,10
Monroe,Fairport Vg PD,2016,10,0,10,1,0,1,11,0,11
Monroe,Fairport Vg PD,2017,10,0,10,1,0,1,11,0,11
Monroe,Fairport Vg PD,2018,10,0,10,1,0,1,11,0,11
Monroe,Fairport Vg PD,2019,10,0,10,1,0,1,11,0,11
Monroe,Fairport Vg PD,2020,10,0,10,1,0,1,11,0,11
Monroe,Fairport Vg PD,2021,10,0,10,1,0,1,11,0,11
Monroe,Fairport Vg PD,2022,10,0,10,1,0,1,11,0,11
Monroe,Fairport Vg PD,2023,10,0,10,1,0,1,11,0,11
Monroe,Gates Town PD,2007,29,0,29,7,4,11,36,4,40
Monroe,Gates Town PD,2008,28,0,28,7,4,11,35,4,39
Monroe,Gates Town PD,2009,29,0,29,6,3,9,35,3,38
Monroe,Gates Town PD,2010,30,0,30,6,3,9,36,3,39
Monroe,Gates Town PD,2011,30,0,30,7,3,10,37,3,40
Monroe,Gates Town PD,2012,29,0,29,6,6,12,35,6,41
Monroe,Gates Town PD,2013,31,0,31,5,6,11,36,6,42
Monroe,Gates Town PD,2014,32,3,35,5,6,11,37,9,46
Monroe,Gates Town PD,2015,30,5,35,5,6,11,35,11,46
Monroe,Gates Town PD,2016,30,0,30,5,12,17,35,12,47
Monroe,Gates Town PD,2017,31,0,31,4,13,17,35,13,48
Monroe,Gates Town PD,2018,32,1,33,3,12,15,35,13,48
Monroe,Gates Town PD,2019,31,1,32,4,11,15,35,12,47
Monroe,Gates Town PD,2021,33,5,38,5,5,10,38,10,48
Monroe,Gates Town PD,2022,32,4,36,2,3,5,34,7,41
Monroe,Gates Town PD,2023,33,4,37,3,3,6,36,7,43
Monroe,Greece Town PD,2007,94,0,94,7,24,31,101,24,125
Monroe,Greece Town PD,2008,90,0,90,8,28,36,98,28,126
Monroe,Greece Town PD,2009,82,0,82,7,32,39,89,32,121
Monroe,Greece Town PD,2010,96,0,96,6,30,36,102,30,132
Monroe,Greece Town PD,2011,98,0,98,6,19,25,104,19,123
Monroe,Greece Town PD,2012,98,0,98,6,31,37,104,31,135
Monroe,Greece Town PD,2013,98,0,98,6,27,33,104,27,131
Monroe,Greece Town PD,2014,95,0,95,7,20,27,102,20,122
Monroe,Greece Town PD,2015,98,0,98,6,19,25,104,19,123
Monroe,Greece Town PD,2016,99,0,99,6,18,24,105,18,123
Monroe,Greece Town PD,2017,97,0,97,6,14,20,103,14,117
Monroe,Greece Town PD,2018,99,0,99,7,14,21,106,14,120
Monroe,Greece Town PD,2019,99,0,99,8,12,20,107,12,119
Monroe,Greece Town PD,2020,95,0,95,10,9,19,105,9,114
Monroe,Greece Town PD,2021,94,0,94,12,6,18,106,6,112
Monroe,Greece Town PD,2022,96,0,96,12,8,20,108,8,116
Monroe,Greece Town PD,2023,88,0,88,13,5,18,101,5,106
Monroe,Irondequoit Town PD,2007,58,0,58,11,9,20,69,9,78
Monroe,Irondequoit Town PD,2008,57,0,57,13,8,21,70,8,78
Monroe,Irondequoit Town PD,2009,55,0,55,12,6,18,67,6,73
Monroe,Irondequoit Town PD,2010,53,0,53,11,7,18,64,7,71
Monroe,Irondequoit Town PD,2011,46,0,46,11,8,19,57,8,65
Monroe,Irondequoit Town PD,2013,49,0,49,11,5,16,60,5,65
Monroe,Irondequoit Town PD,2014,51,0,51,10,5,15,61,5,66
Monroe,Irondequoit Town PD,2015,51,0,51,10,8,18,61,8,69
Monroe,Irondequoit Town PD,2016,49,0,49,11,10,21,60,10,70
Monroe,Irondequoit Town PD,2017,53,0,53,11,9,20,64,9,73
Monroe,Irondequoit Town PD,2018,50,0,50,10,8,18,60,8,68
Monroe,Irondequoit Town PD,2019,50,0,50,9,10,19,59,10,69
Monroe,Irondequoit Town PD,2021,52,0,52,8,35,43,60,35,95
Monroe,Irondequoit Town PD,2022,55,0,55,8,33,41,63,33,96
Monroe,Irondequoit Town PD,2023,50,0,50,8,27,35,58,27,85
Monroe,Monroe County Sheriff,2007,279,60,339,53,13,66,332,73,405
Monroe,Monroe County Sheriff,2008,285,53,338,60,12,72,345,65,410
Monroe,Monroe County Sheriff,2009,277,52,329,56,13,69,333,65,398
Monroe,Monroe County Sheriff,2010,280,50,330,61,12,73,341,62,403
Monroe,Monroe County Sheriff,2011,258,52,310,56,11,67,314,63,377
Monroe,Monroe County Sheriff,2012,272,57,329,55,13,68,327,70,397
Monroe,Monroe County Sheriff,2013,273,56,329,57,11,68,330,67,397
Monroe,Monroe County Sheriff,2014,294,58,352,57,12,69,351,70,421
Monroe,Monroe County Sheriff,2015,271,63,334,62,12,74,333,75,408
Monroe,Monroe County Sheriff,2016,279,59,338,55,12,67,334,71,405
Monroe,Monroe County Sheriff,2017,267,56,323,50,15,65,317,71,388
Monroe,Monroe County Sheriff,2018,273,56,329,60,18,78,333,74,407
Monroe,Monroe County Sheriff,2019,277,56,333,53,16,69,330,72,402
Monroe,Monroe County Sheriff,2020,270,60,330,43,18,61,313,78,391
Monroe,Monroe County Sheriff,2021,283,59,342,48,16,64,331,75,406
Monroe,Monroe County Sheriff,2022,307,56,363,52,18,70,359,74,433
Monroe,Monroe County Sheriff,2023,295,73,368,65,18,83,360,91,451
Monroe,Ogden Town PD,2007,12,1,13,3,4,7,15,5,20
Monroe,Ogden Town PD,2008,12,1,13,3,4,7,15,5,20
Monroe,Ogden Town PD,2009,12,1,13,3,4,7,15,5,20
Monroe,Ogden Town PD,2010,12,1,13,3,4,7,15,5,20
Monroe,Ogden Town PD,2011,12,1,13,3,4,7,15,5,20
Monroe,Ogden Town PD,2012,12,1,13,3,4,7,15,5,20
Monroe,Ogden Town PD,2013,12,1,13,3,4,7,15,5,20
Monroe,Ogden Town PD,2014,12,1,13,2,4,6,14,5,19
Monroe,Ogden Town PD,2015,11,2,13,2,4,6,13,6,19
Monroe,Ogden Town PD,2016,12,2,14,3,3,6,15,5,20
Monroe,Ogden Town PD,2017,12,2,14,2,3,5,14,5,19
Monroe,Ogden Town PD,2018,11,2,13,3,2,5,14,4,18
Monroe,Ogden Town PD,2019,12,1,13,3,2,5,15,3,18
Monroe,Ogden Town PD,2020,12,2,14,3,2,5,15,4,19
Monroe,Ogden Town PD,2021,12,2,14,3,2,5,15,4,19
Monroe,Ogden Town PD,2022,11,1,12,3,2,5,14,3,17
Monroe,Ogden Town PD,2023,12,2,14,3,2,5,15,4,19
Monroe,Rochester City PD,2007,734,0,734,173,33,206,907,33,940
Monroe,Rochester City PD,2008,759,0,759,164,51,215,923,51,974
Monroe,Rochester City PD,2009,773,0,773,161,67,228,934,67,1001
Monroe,Rochester City PD,2010,772,0,772,145,76,221,917,76,993
Monroe,Rochester City PD,2011,738,0,738,133,70,203,871,70,941
Monroe,Rochester City PD,2012,741,0,741,138,80,218,879,80,959
Monroe,Rochester City PD,2013,735,0,735,131,74,205,866,74,940
Monroe,Rochester City PD,2014,713,0,713,120,124,244,833,124,957
Monroe,Rochester City PD,2015,713,0,713,121,123,244,834,123,957
Monroe,Rochester City PD,2016,747,0,747,117,35,152,864,35,899
Monroe,Rochester City PD,2017,761,0,761,128,50,178,889,50,939
Monroe,Rochester City PD,2018,747,0,747,116,144,260,863,144,1007
Monroe,Rochester City PD,2019,738,0,738,112,151,263,850,151,1001
Monroe,Rochester City PD,2020,711,0,711,99,139,238,810,139,949
Monroe,Rochester City PD,2021,668,0,668,88,84,172,756,84,840
Monroe,Rochester City PD,2022,663,0,663,78,112,190,741,112,853
Monroe,Rochester City PD,2023,626,0,626,89,116,205,715,116,831
Monroe,SUNY Police - Brockport,2007,17,0,17,2,0,2,19,0,19
Monroe,SUNY Police - Brockport,2008,17,0,17,2,0,2,19,0,19
Monroe,SUNY Police - Brockport,2009,17,0,17,2,0,2,19,0,19
Monroe,SUNY Police - Brockport,2010,17,0,17,2,0,2,19,0,19
Monroe,SUNY Police - Brockport,2011,16,0,16,2,0,2,18,0,18
Monroe,SUNY Police - Brockport,2012,16,0,16,2,0,2,18,0,18
Monroe,SUNY Police - Brockport,2013,15,0,15,2,0,2,17,0,17
Monroe,SUNY Police - Brockport,2014,14,0,14,2,0,2,16,0,16
Monroe,SUNY Police - Brockport,2015,16,0,16,2,0,2,18,0,18
Monroe,SUNY Police - Brockport,2016,16,0,16,2,0,2,18,0,18
Monroe,SUNY Police - Brockport,2017,16,0,16,2,0,2,18,0,18
Monroe,SUNY Police - Brockport,2018,16,0,16,6,1,7,22,1,23
Monroe,SUNY Police - Brockport,2019,16,0,16,6,0,6,22,0,22
Monroe,SUNY Police - Brockport,2021,15,0,15,5,0,5,20,0,20
Monroe,SUNY Police - Brockport,2022,15,0,15,6,0,6,21,0,21
Monroe,SUNY Police - Brockport,2023,15,0,15,5,0,5,20,0,20
Monroe,Webster Town and Vg PD,2007,33,0,33,5,2,7,38,2,40
Monroe,Webster Town and Vg PD,2008,30,0,30,4,1,5,34,1,35
Monroe,Webster Town and Vg PD,2009,31,0,31,6,3,9,37,3,40
Monroe,Webster Town and Vg PD,2010,31,0,31,6,3,9,37,3,40
Monroe,Webster Town and Vg PD,2011,29,0,29,5,3,8,34,3,37
Monroe,Webster Town and Vg PD,2012,28,0,28,4,2,6,32,2,34
Monroe,Webster Town and Vg PD,2013,31,0,31,3,2,5,34,2,36
Monroe,Webster Town and Vg PD,2014,29,0,29,6,2,8,35,2,37
Monroe,Webster Town and Vg PD,2015,30,0,30,5,3,8,35,3,38
Monroe,Webster Town and Vg PD,2016,32,0,32,4,2,6,36,2,38
Monroe,Webster Town and Vg PD,2017,33,0,33,3,2,5,36,2,38
Monroe,Webster Town and Vg PD,2018,31,0,31,3,3,6,34,3,37
Monroe,Webster Town and Vg PD,2019,34,0,34,4,1,5,38,1,39
Monroe,Webster Town and Vg PD,2020,33,0,33,4,1,5,37,1,38
Monroe,Webster Town and Vg PD,2021,32,0,32,4,1,5,36,1,37
Monroe,Webster Town and Vg PD,2022,31,0,31,7,0,7,38,0,38
Monroe,Webster Town and Vg PD,2023,33,0,33,4,1,5,37,1,38
Montgomery,Amsterdam City PD,2007,37,0,37,1,0,1,38,0,38
Montgomery,Amsterdam City PD,2008,37,0,37,1,0,1,38,0,38
Montgomery,Amsterdam City PD,2009,38,0,38,2,0,2,40,0,40
Montgomery,Amsterdam City PD,2010,41,0,41,2,0,2,43,0,43
Montgomery,Amsterdam City PD,2011,42,0,42,2,0,2,44,0,44
Montgomery,Amsterdam City PD,2012,39,0,39,2,0,2,41,0,41
Montgomery,Amsterdam City PD,2013,39,0,39,2,0,2,41,0,41
Montgomery,Amsterdam City PD,2014,36,0,36,2,0,2,38,0,38
Montgomery,Amsterdam City PD,2015,39,0,39,3,0,3,42,0,42
Montgomery,Amsterdam City PD,2016,40,0,40,2,0,2,42,0,42
Montgomery,Amsterdam City PD,2017,40,0,40,3,0,3,43,0,43
Montgomery,Amsterdam City PD,2018,40,0,40,2,0,2,42,0,42
Montgomery,Amsterdam City PD,2019,40,0,40,4,3,7,44,3,47
Montgomery,Amsterdam City PD,2020,38,0,38,4,3,7,42,3,45
Montgomery,Amsterdam City PD,2021,38,0,38,4,3,7,42,3,45
Montgomery,Amsterdam City PD,2022,39,0,39,4,3,7,43,3,46
Montgomery,Amsterdam City PD,2023,37,1,38,4,2,6,41,3,44
Montgomery,Canajoharie Vg PD,2007,5,11,16,0,0,0,5,11,16
Montgomery,Canajoharie Vg PD,2008,5,10,15,0,0,0,5,10,15
Montgomery,Canajoharie Vg PD,2010,3,9,12,0,0,0,3,9,12
Montgomery,Canajoharie Vg PD,2011,3,10,13,0,0,0,3,10,13
Montgomery,Canajoharie Vg PD,2012,3,12,15,0,0,0,3,12,15
Montgomery,Canajoharie Vg PD,2013,4,15,19,0,0,0,4,15,19
Montgomery,Canajoharie Vg PD,2014,4,15,19,0,0,0,4,15,19
Montgomery,Canajoharie Vg PD,2015,4,12,16,0,0,0,4,12,16
Montgomery,Canajoharie Vg PD,2016,4,12,16,0,0,0,4,12,16
Montgomery,Canajoharie Vg PD,2017,4,11,15,0,0,0,4,11,15
Montgomery,Canajoharie Vg PD,2018,4,9,13,0,0,0,4,9,13
Montgomery,Canajoharie Vg PD,2019,5,11,16,0,0,0,5,11,16
Montgomery,Canajoharie Vg PD,2020,5,12,17,0,0,0,5,12,17
Montgomery,Canajoharie Vg PD,2021,5,15,20,0,0,0,5,15,20
Montgomery,Canajoharie Vg PD,2022,5,16,21,0,0,0,5,16,21
Montgomery,Canajoharie Vg PD,2023,5,8,13,0,0,0,5,8,13
Montgomery,Fort Plain Vg PD,2007,4,15,19,0,0,0,4,15,19
Montgomery,Fort Plain Vg PD,2008,2,15,17,0,1,1,2,16,18
Montgomery,Fort Plain Vg PD,2009,3,14,17,0,0,0,3,14,17
Montgomery,Fort Plain Vg PD,2010,4,15,19,0,2,2,4,17,21
Montgomery,Fort Plain Vg PD,2011,4,12,16,0,1,1,4,13,17
Montgomery,Fort Plain Vg PD,2012,4,12,16,0,2,2,4,14,18
Montgomery,Fort Plain Vg PD,2013,4,15,19,0,3,3,4,18,22
Montgomery,Fort Plain Vg PD,2014,4,14,18,0,2,2,4,16,20
Montgomery,Fort Plain Vg PD,2015,4,16,20,0,2,2,4,18,22
Montgomery,Fort Plain Vg PD,2016,4,15,19,0,2,2,4,17,21
Montgomery,Fort Plain Vg PD,2017,3,14,17,0,1,1,3,15,18
Montgomery,Fort Plain Vg PD,2018,3,10,13,0,0,0,3,10,13
Montgomery,Fort Plain Vg PD,2019,3,10,13,0,0,0,3,10,13
Montgomery,Fort Plain Vg PD,2020,3,12,15,0,0,0,3,12,15
Montgomery,Fort Plain Vg PD,2021,3,13,16,0,0,0,3,13,16
Montgomery,Fort Plain Vg PD,2022,3,11,14,0,0,0,3,11,14
Montgomery,Fort Plain Vg PD,2023,1,4,5,0,0,0,1,4,5
Montgomery,Montgomery County Sheriff,2007,21,8,29,21,25,46,42,33,75
Montgomery,Montgomery County Sheriff,2008,24,10,34,16,10,26,40,20,60
Montgomery,Montgomery County Sheriff,2009,25,12,37,22,14,36,47,26,73
Montgomery,Montgomery County Sheriff,2010,22,10,32,12,12,24,34,22,56
Montgomery,Montgomery County Sheriff,2011,19,12,31,6,15,21,25,27,52
Montgomery,Montgomery County Sheriff,2012,76,23,99,21,9,30,97,32,129
Montgomery,Montgomery County Sheriff,2013,76,12,88,21,13,34,97,25,122
Montgomery,Montgomery County Sheriff,2014,23,9,32,23,12,35,46,21,67
Montgomery,Montgomery County Sheriff,2015,26,7,33,23,15,38,49,22,71
Montgomery,Montgomery County Sheriff,2016,26,7,33,23,13,36,49,20,69
Montgomery,Montgomery County Sheriff,2017,26,7,33,19,7,26,45,14,59
Montgomery,Montgomery County Sheriff,2018,27,4,31,21,5,26,48,9,57
Montgomery,Montgomery County Sheriff,2019,27,4,31,21,5,26,48,9,57
Montgomery,Montgomery County Sheriff,2020,27,5,32,20,13,33,47,18,65
Montgomery,Montgomery County Sheriff,2021,29,11,40,20,13,33,49,24,73
Montgomery,Montgomery County Sheriff,2022,36,7,43,20,14,34,56,21,77
Montgomery,Montgomery County Sheriff,2023,38,9,47,17,8,25,55,17,72
Montgomery,St Johnsville Vg PD,2009,2,13,15,0,0,0,2,13,15
Montgomery,St Johnsville Vg PD,2010,2,13,15,0,0,0,2,13,15
Montgomery,St Johnsville Vg PD,2011,2,10,12,0,0,0,2,10,12
Montgomery,St Johnsville Vg PD,2012,1,17,18,0,0,0,1,17,18
Montgomery,St Johnsville Vg PD,2013,1,22,23,0,0,0,1,22,23
Montgomery,St Johnsville Vg PD,2014,1,22,23,0,0,0,1,22,23
Montgomery,St Johnsville Vg PD,2015,1,18,19,0,0,0,1,18,19
Montgomery,St Johnsville Vg PD,2016,1,18,19,0,0,0,1,18,19
Montgomery,St Johnsville Vg PD,2017,1,17,18,0,0,0,1,17,18
Montgomery,St Johnsville Vg PD,2018,0,23,23,0,0,0,0,23,23
Montgomery,St Johnsville Vg PD,2019,0,28,28,0,0,0,0,28,28
Montgomery,St Johnsville Vg PD,2020,0,19,19,0,0,0,0,19,19
Montgomery,St Johnsville Vg PD,2021,0,15,15,0,0,0,0,15,15
Montgomery,St Johnsville Vg PD,2022,0,14,14,0,0,0,0,14,14
Montgomery,St Johnsville Vg PD,2023,2,11,13,0,0,0,2,11,13
Multiple County,Metropolitan Transit Authority,2007,676,0,676,50,0,50,726,0,726
Multiple County,Metropolitan Transit Authority,2008,693,0,693,57,0,57,750,0,750
Multiple County,Metropolitan Transit Authority,2009,695,0,695,73,0,73,768,0,768
Multiple County,Metropolitan Transit Authority,2010,684,0,684,71,0,71,755,0,755
Multiple County,Metropolitan Transit Authority,2011,667,0,667,67,0,67,734,0,734
Multiple County,Metropolitan Transit Authority,2012,666,0,666,62,0,62,728,0,728
Multiple County,Metropolitan Transit Authority,2013,679,0,679,67,0,67,746,0,746
Multiple County,Metropolitan Transit Authority,2014,685,0,685,63,0,63,748,0,748
Multiple County,Metropolitan Transit Authority,2015,665,0,665,62,0,62,727,0,727
Multiple County,Metropolitan Transit Authority,2016,649,0,649,66,0,66,715,0,715
Multiple County,Metropolitan Transit Authority,2017,695,0,695,76,0,76,771,0,771
Multiple County,Metropolitan Transit Authority,2018,743,0,743,73,0,73,816,0,816
Multiple County,Metropolitan Transit Authority,2019,733,0,733,69,0,69,802,0,802
Multiple County,Metropolitan Transit Authority,2020,835,0,835,66,0,66,901,0,901
Multiple County,Metropolitan Transit Authority,2021,1000,0,1000,56,0,56,1056,0,1056
Multiple County,Metropolitan Transit Authority,2022,1095,0,1095,56,0,56,1151,0,1151
Multiple County,Metropolitan Transit Authority,2023,1136,0,1136,54,0,54,1190,0,1190
Multiple County,New York State Police,2007,4923,0,4923,1169,0,1169,6092,0,6092
Multiple County,New York State Police,2008,4944,0,4944,1158,0,1158,6102,0,6102
Multiple County,New York State Police,2009,4827,0,4827,1102,0,1102,5929,0,5929
Multiple County,New York State Police,2010,4708,0,4708,1028,0,1028,5736,0,5736
Multiple County,New York State Police,2011,4530,0,4530,887,0,887,5417,0,5417
Multiple County,New York State Police,2012,4582,0,4582,881,0,881,5463,0,5463
Multiple County,New York State Police,2013,4604,0,4604,885,0,885,5489,0,5489
Multiple County,New York State Police,2014,4829,0,4829,821,0,821,5650,0,5650
Multiple County,New York State Police,2015,4807,0,4807,721,0,721,5528,0,5528
Multiple County,New York State Police,2016,5040,0,5040,736,0,736,5776,0,5776
Multiple County,New York State Police,2017,5046,0,5046,844,0,844,5890,0,5890
Multiple County,New York State Police,2018,4894,0,4894,875,0,875,5769,0,5769
Multiple County,New York State Police,2019,5152,0,5152,893,0,893,6045,0,6045
Multiple County,New York State Police,2020,4866,0,4866,771,0,771,5637,0,5637
Multiple County,New York State Police,2021,4819,0,4819,721,0,721,5540,0,5540
Multiple County,New York State Police,2022,4723,0,4723,858,0,858,5581,0,5581
Multiple County,New York State Police,2023,5145,0,5145,921,0,921,6066,0,6066
Multiple County,New York State Regional Park Police,2007,15,0,15,2,3,5,17,3,20
Multiple County,New York State Regional Park Police,2008,287,0,287,18,46,64,305,46,351
Multiple County,New York State Regional Park Police,2009,265,0,265,19,52,71,284,52,336
Multiple County,New York State Regional Park Police,2010,249,0,249,27,58,85,276,58,334
Multiple County,New York State Regional Park Police,2011,220,0,220,20,52,72,240,52,292
Multiple County,New York State Regional Park Police,2012,209,0,209,17,49,66,226,49,275
Multiple County,New York State Regional Park Police,2013,208,10,218,14,37,51,222,47,269
Multiple County,New York State Regional Park Police,2014,270,0,270,14,56,70,284,56,340
Multiple County,New York State Regional Park Police,2015,254,1,255,17,54,71,271,55,326
Multiple County,New York State Regional Park Police,2016,273,0,273,18,57,75,291,57,348
Multiple County,New York State Regional Park Police,2017,280,0,280,18,53,71,298,53,351
Multiple County,New York State Regional Park Police,2018,297,0,297,35,41,76,332,41,373
Multiple County,New York State Regional Park Police,2019,173,0,173,21,20,41,194,20,214
Multiple County,New York State Regional Park Police,2020,239,0,239,31,38,69,270,38,308
Multiple County,New York State Regional Park Police,2021,201,0,201,28,35,63,229,35,264
Multiple County,New York State Regional Park Police,2022,226,0,226,24,29,53,250,29,279
Multiple County,New York State Regional Park Police,2023,232,0,232,25,35,60,257,35,292
Multiple County,NYC DEPP,2008,158,0,158,21,0,21,179,0,179
Multiple County,NYC DEPP,2009,186,0,186,21,0,21,207,0,207
Multiple County,NYC DEPP,2010,183,0,183,14,0,14,197,0,197
Multiple County,NYC DEPP,2011,205,0,205,14,0,14,219,0,219
Multiple County,NYC DEPP,2012,193,0,193,13,0,13,206,0,206
Multiple County,NYC DEPP,2013,210,0,210,14,0,14,224,0,224
Multiple County,NYC DEPP,2014,189,0,189,14,0,14,203,0,203
Multiple County,NYC DEPP,2015,192,0,192,14,0,14,206,0,206
Multiple County,NYC DEPP,2016,199,0,199,29,0,29,228,0,228
Multiple County,NYC DEPP,2017,191,0,191,30,0,30,221,0,221
Multiple County,NYC DEPP,2018,221,0,221,31,0,31,252,0,252
Multiple County,NYC DEPP,2019,210,0,210,33,0,33,243,0,243
Multiple County,NYC DEPP,2020,235,0,235,32,1,33,267,1,268
Multiple County,NYC DEPP,2021,213,0,213,32,1,33,245,1,246
Multiple County,NYC DEPP,2022,205,0,205,31,0,31,236,0,236
Multiple County,NYC DEPP,2023,188,0,188,32,0,32,220,0,220
Nassau,Brookville Vg PD,2022,18,0,18,1,0,1,19,0,19
Nassau,Brookville Vg PD,2023,17,0,17,0,0,0,17,0,17
Nassau,Centre Island Vg PD,2007,8,2,10,0,0,0,8,2,10
Nassau,Centre Island Vg PD,2008,5,2,7,0,0,0,5,2,7
Nassau,Centre Island Vg PD,2009,5,2,7,0,0,0,5,2,7
Nassau,Centre Island Vg PD,2010,6,2,8,0,0,0,6,2,8
Nassau,Centre Island Vg PD,2011,7,1,8,0,0,0,7,1,8
Nassau,Centre Island Vg PD,2012,7,1,8,0,0,0,7,1,8
Nassau,Centre Island Vg PD,2013,7,1,8,0,0,0,7,1,8
Nassau,Centre Island Vg PD,2014,8,1,9,0,0,0,8,1,9
Nassau,Centre Island Vg PD,2015,7,1,8,0,0,0,7,1,8
Nassau,Centre Island Vg PD,2016,7,1,8,0,0,0,7,1,8
Nassau,Centre Island Vg PD,2017,7,1,8,0,0,0,7,1,8
Nassau,Centre Island Vg PD,2018,7,0,7,0,0,0,7,0,7
Nassau,Centre Island Vg PD,2019,6,0,6,0,0,0,6,0,6
Nassau,Centre Island Vg PD,2020,6,0,6,0,0,0,6,0,6
Nassau,Centre Island Vg PD,2021,6,0,6,0,0,0,6,0,6
Nassau,Centre Island Vg PD,2022,7,0,7,0,0,0,7,0,7
Nassau,Centre Island Vg PD,2023,7,0,7,0,0,0,7,0,7
Nassau,Floral Park Vg PD,2007,34,0,34,12,4,16,46,4,50
Nassau,Floral Park Vg PD,2008,35,0,35,7,0,7,42,0,42
Nassau,Floral Park Vg PD,2009,33,0,33,7,1,8,40,1,41
Nassau,Floral Park Vg PD,2010,35,0,35,8,0,8,43,0,43
Nassau,Floral Park Vg PD,2011,34,0,34,13,7,20,47,7,54
Nassau,Floral Park Vg PD,2012,34,0,34,13,8,21,47,8,55
Nassau,Floral Park Vg PD,2013,34,0,34,13,8,21,47,8,55
Nassau,Floral Park Vg PD,2014,33,0,33,13,8,21,46,8,54
Nassau,Floral Park Vg PD,2015,33,0,33,13,8,21,46,8,54
Nassau,Floral Park Vg PD,2016,34,0,34,14,8,22,48,8,56
Nassau,Floral Park Vg PD,2017,34,0,34,14,8,22,48,8,56
Nassau,Floral Park Vg PD,2018,35,0,35,11,8,19,46,8,54
Nassau,Floral Park Vg PD,2019,34,0,34,12,8,20,46,8,54
Nassau,Floral Park Vg PD,2020,32,0,32,12,7,19,44,7,51
Nassau,Floral Park Vg PD,2021,33,0,33,12,7,19,45,7,52
Nassau,Floral Park Vg PD,2022,35,0,35,11,7,18,46,7,53
Nassau,Floral Park Vg PD,2023,35,0,35,12,5,17,47,5,52
Nassau,Freeport Vg PD,2007,88,0,88,14,0,14,102,0,102
Nassau,Freeport Vg PD,2008,86,0,86,17,0,17,103,0,103
Nassau,Freeport Vg PD,2009,84,0,84,17,0,17,101,0,101
Nassau,Freeport Vg PD,2010,87,0,87,16,0,16,103,0,103
Nassau,Freeport Vg PD,2011,88,0,88,17,0,17,105,0,105
Nassau,Freeport Vg PD,2012,86,0,86,15,0,15,101,0,101
Nassau,Freeport Vg PD,2013,87,0,87,16,0,16,103,0,103
Nassau,Freeport Vg PD,2014,92,0,92,16,0,16,108,0,108
Nassau,Freeport Vg PD,2015,95,0,95,17,0,17,112,0,112
Nassau,Freeport Vg PD,2016,98,0,98,17,0,17,115,0,115
Nassau,Freeport Vg PD,2017,99,0,99,14,4,18,113,4,117
Nassau,Freeport Vg PD,2018,99,0,99,15,2,17,114,2,116
Nassau,Freeport Vg PD,2019,99,0,99,12,6,18,111,6,117
Nassau,Freeport Vg PD,2020,100,0,100,12,3,15,112,3,115
Nassau,Freeport Vg PD,2021,99,0,99,12,4,16,111,4,115
Nassau,Freeport Vg PD,2022,103,0,103,13,2,15,116,2,118
Nassau,Freeport Vg PD,2023,103,0,103,11,6,17,114,6,120
Nassau,Garden City Vg PD,2007,55,0,55,13,9,22,68,9,77
Nassau,Garden City Vg PD,2008,50,0,50,13,9,22,63,9,72
Nassau,Garden City Vg PD,2009,48,0,48,12,9,21,60,9,69
Nassau,Garden City Vg PD,2010,48,0,48,13,11,24,61,11,72
Nassau,Garden City Vg PD,2011,52,0,52,13,11,24,65,11,76
Nassau,Garden City Vg PD,2012,50,0,50,13,11,24,63,11,74
Nassau,Garden City Vg PD,2013,50,0,50,13,11,24,63,11,74
Nassau,Garden City Vg PD,2014,51,0,51,13,11,24,64,11,75
Nassau,Garden City Vg PD,2015,52,0,52,13,11,24,65,11,76
Nassau,Garden City Vg PD,2016,51,0,51,13,12,25,64,12,76
Nassau,Garden City Vg PD,2017,52,0,52,13,12,25,65,12,77
Nassau,Garden City Vg PD,2018,50,0,50,12,13,25,62,13,75
Nassau,Garden City Vg PD,2019,51,0,51,14,16,30,65,16,81
Nassau,Garden City Vg PD,2020,51,0,51,14,18,32,65,18,83
Nassau,Garden City Vg PD,2021,52,0,52,14,12,26,66,12,78
Nassau,Garden City Vg PD,2022,51,0,51,14,15,29,65,15,80
Nassau,Garden City Vg PD,2023,56,0,56,14,16,30,70,16,86
Nassau,Glen Cove City PD,2007,51,0,51,0,0,0,51,0,51
Nassau,Glen Cove City PD,2008,52,0,52,4,1,5,56,1,57
Nassau,Glen Cove City PD,2009,52,0,52,4,0,4,56,0,56
Nassau,Glen Cove City PD,2010,52,0,52,4,0,4,56,0,56
Nassau,Glen Cove City PD,2011,52,0,52,4,0,4,56,0,56
Nassau,Glen Cove City PD,2012,50,0,50,3,0,3,53,0,53
Nassau,Glen Cove City PD,2013,49,0,49,4,0,4,53,0,53
Nassau,Glen Cove City PD,2014,49,0,49,19,1,20,68,1,69
Nassau,Glen Cove City PD,2015,51,0,51,4,16,20,55,16,71
Nassau,Glen Cove City PD,2016,50,0,50,4,18,22,54,18,72
Nassau,Glen Cove City PD,2017,51,0,51,4,17,21,55,17,72
Nassau,Glen Cove City PD,2018,50,0,50,4,16,20,54,16,70
Nassau,Glen Cove City PD,2019,52,0,52,5,17,22,57,17,74
Nassau,Glen Cove City PD,2020,53,0,53,5,15,20,58,15,73
Nassau,Glen Cove City PD,2021,52,0,52,4,12,16,56,12,68
Nassau,Glen Cove City PD,2022,53,0,53,4,14,18,57,14,71
Nassau,Glen Cove City PD,2023,57,0,57,4,13,17,61,13,74
Nassau,Great Neck Estates Vg PD,2007,13,0,13,2,0,2,15,0,15
Nassau,Great Neck Estates Vg PD,2008,13,0,13,3,1,4,16,1,17
Nassau,Great Neck Estates Vg PD,2009,12,0,12,3,1,4,15,1,16
Nassau,Great Neck Estates Vg PD,2010,12,0,12,3,1,4,15,1,16
Nassau,Great Neck Estates Vg PD,2011,13,0,13,3,1,4,16,1,17
Nassau,Great Neck Estates Vg PD,2012,12,0,12,3,1,4,15,1,16
Nassau,Great Neck Estates Vg PD,2013,13,0,13,3,1,4,16,1,17
Nassau,Great Neck Estates Vg PD,2014,12,0,12,3,0,3,15,0,15
Nassau,Great Neck Estates Vg PD,2015,12,0,12,3,0,3,15,0,15
Nassau,Great Neck Estates Vg PD,2016,12,0,12,3,0,3,15,0,15
Nassau,Great Neck Estates Vg PD,2017,12,0,12,3,0,3,15,0,15
Nassau,Great Neck Estates Vg PD,2018,13,0,13,3,0,3,16,0,16
Nassau,Great Neck Estates Vg PD,2019,14,0,14,3,0,3,17,0,17
Nassau,Great Neck Estates Vg PD,2020,14,0,14,3,0,3,17,0,17
Nassau,Great Neck Estates Vg PD,2021,13,0,13,3,0,3,16,0,16
Nassau,Great Neck Estates Vg PD,2022,14,0,14,3,0,3,17,0,17
Nassau,Great Neck Estates Vg PD,2023,14,0,14,3,0,3,17,0,17
Nassau,Hempstead Vg PD,2007,107,0,107,27,32,59,134,32,166
Nassau,Hempstead Vg PD,2008,112,0,112,26,30,56,138,30,168
Nassau,Hempstead Vg PD,2009,109,0,109,26,30,56,135,30,165
Nassau,Hempstead Vg PD,2010,126,0,126,28,30,58,154,30,184
Nassau,Hempstead Vg PD,2011,119,0,119,29,32,61,148,32,180
Nassau,Hempstead Vg PD,2012,119,0,119,29,32,61,148,32,180
Nassau,Hempstead Vg PD,2013,121,0,121,27,36,63,148,36,184
Nassau,Hempstead Vg PD,2014,121,0,121,24,34,58,145,34,179
Nassau,Hempstead Vg PD,2015,131,0,131,24,35,59,155,35,190
Nassau,Hempstead Vg PD,2016,118,0,118,22,36,58,140,36,176
Nassau,Hempstead Vg PD,2017,127,0,127,26,36,62,153,36,189
Nassau,Hempstead Vg PD,2018,123,0,123,25,37,62,148,37,185
Nassau,Hempstead Vg PD,2019,110,0,110,29,37,66,139,37,176
Nassau,Hempstead Vg PD,2020,113,0,113,29,3,32,142,3,145
Nassau,Hempstead Vg PD,2022,122,0,122,29,1,30,151,1,152
Nassau,Hempstead Vg PD,2023,118,0,118,28,1,29,146,1,147
Nassau,Kensington Vg PD,2007,6,0,6,0,0,0,6,0,6
Nassau,Kensington Vg PD,2009,6,0,6,0,0,0,6,0,6
Nassau,Kensington Vg PD,2010,6,0,6,0,0,0,6,0,6
Nassau,Kensington Vg PD,2011,6,0,6,0,0,0,6,0,6
Nassau,Kensington Vg PD,2012,6,0,6,0,0,0,6,0,6
Nassau,Kensington Vg PD,2013,6,0,6,0,0,0,6,0,6
Nassau,Kensington Vg PD,2014,5,0,5,0,0,0,5,0,5
Nassau,Kensington Vg PD,2015,6,0,6,0,0,0,6,0,6
Nassau,Kensington Vg PD,2016,6,0,6,0,0,0,6,0,6
Nassau,Kensington Vg PD,2017,6,0,6,0,0,0,6,0,6
Nassau,Kensington Vg PD,2018,6,0,6,0,0,0,6,0,6
Nassau,Kensington Vg PD,2019,6,0,6,0,0,0,6,0,6
Nassau,Kensington Vg PD,2020,6,0,6,0,0,0,6,0,6
Nassau,Kensington Vg PD,2021,6,0,6,0,0,0,6,0,6
Nassau,Kensington Vg PD,2022,6,0,6,0,0,0,6,0,6
Nassau,Kensington Vg PD,2023,6,0,6,0,0,0,6,0,6
Nassau,Kings Point Vg PD,2007,23,0,23,2,0,2,25,0,25
Nassau,Kings Point Vg PD,2008,22,0,22,2,0,2,24,0,24
Nassau,Kings Point Vg PD,2009,22,0,22,2,0,2,24,0,24
Nassau,Kings Point Vg PD,2010,23,0,23,2,0,2,25,0,25
Nassau,Kings Point Vg PD,2011,22,0,22,2,0,2,24,0,24
Nassau,Kings Point Vg PD,2012,22,0,22,2,0,2,24,0,24
Nassau,Kings Point Vg PD,2013,22,0,22,2,0,2,24,0,24
Nassau,Kings Point Vg PD,2014,22,0,22,2,0,2,24,0,24
Nassau,Kings Point Vg PD,2019,19,0,19,2,0,2,21,0,21
Nassau,Kings Point Vg PD,2020,19,0,19,2,0,2,21,0,21
Nassau,Kings Point Vg PD,2021,18,0,18,2,0,2,20,0,20
Nassau,Kings Point Vg PD,2022,17,0,17,3,0,3,20,0,20
Nassau,Kings Point Vg PD,2023,17,0,17,3,0,3,20,0,20
Nassau,Lake Success Vg PD,2007,23,0,23,4,2,6,27,2,29
Nassau,Lake Success Vg PD,2008,24,0,24,3,1,4,27,1,28
Nassau,Lake Success Vg PD,2009,23,0,23,3,2,5,26,2,28
Nassau,Lake Success Vg PD,2010,23,0,23,3,3,6,26,3,29
Nassau,Lake Success Vg PD,2011,23,0,23,3,4,7,26,4,30
Nassau,Lake Success Vg PD,2012,21,0,21,3,4,7,24,4,28
Nassau,Lake Success Vg PD,2013,21,0,21,3,5,8,24,5,29
Nassau,Lake Success Vg PD,2014,21,0,21,3,5,8,24,5,29
Nassau,Lake Success Vg PD,2015,21,0,21,3,4,7,24,4,28
Nassau,Lake Success Vg PD,2016,22,0,22,3,4,7,25,4,29
Nassau,Lake Success Vg PD,2017,24,0,24,4,1,5,28,1,29
Nassau,Lake Success Vg PD,2018,24,0,24,4,1,5,28,1,29
Nassau,Lake Success Vg PD,2019,24,0,24,4,1,5,28,1,29
Nassau,Lake Success Vg PD,2020,24,0,24,3,1,4,27,1,28
Nassau,Lake Success Vg PD,2021,23,0,23,0,4,4,23,4,27
Nassau,Lake Success Vg PD,2022,19,0,19,3,1,4,22,1,23
Nassau,Lake Success Vg PD,2023,22,0,22,3,1,4,25,1,26
Nassau,Long Beach City PD,2007,76,0,76,20,5,25,96,5,101
Nassau,Long Beach City PD,2008,73,0,73,18,12,30,91,12,103
Nassau,Long Beach City PD,2009,71,0,71,19,15,34,90,15,105
Nassau,Long Beach City PD,2010,77,0,77,17,12,29,94,12,106
Nassau,Long Beach City PD,2011,75,0,75,17,13,30,92,13,105
Nassau,Long Beach City PD,2013,71,0,71,16,17,33,87,17,104
Nassau,Long Beach City PD,2014,71,0,71,14,33,47,85,33,118
Nassau,Long Beach City PD,2015,68,0,68,17,35,52,85,35,120
Nassau,Long Beach City PD,2016,68,0,68,17,38,55,85,38,123
Nassau,Long Beach City PD,2017,70,0,70,17,18,35,87,18,105
Nassau,Long Beach City PD,2018,67,0,67,16,18,34,83,18,101
Nassau,Long Beach City PD,2019,66,0,66,18,15,33,84,15,99
Nassau,Long Beach City PD,2020,61,0,61,15,9,24,76,9,85
Nassau,Long Beach City PD,2021,68,0,68,16,8,24,84,8,92
Nassau,Long Beach City PD,2022,66,0,66,17,14,31,83,14,97
Nassau,Long Beach City PD,2023,70,0,70,18,15,33,88,15,103
Nassau,Lynbrook Vg PD,2007,48,0,48,8,24,32,56,24,80
Nassau,Lynbrook Vg PD,2008,48,0,48,8,22,30,56,22,78
Nassau,Lynbrook Vg PD,2010,47,0,47,8,17,25,55,17,72
Nassau,Lynbrook Vg PD,2011,46,0,46,8,23,31,54,23,77
Nassau,Lynbrook Vg PD,2012,46,0,46,8,24,32,54,24,78
Nassau,Lynbrook Vg PD,2013,50,0,50,8,23,31,58,23,81
Nassau,Lynbrook Vg PD,2014,45,0,45,7,23,30,52,23,75
Nassau,Lynbrook Vg PD,2015,48,0,48,8,24,32,56,24,80
Nassau,Lynbrook Vg PD,2016,50,0,50,8,24,32,58,24,82
Nassau,Lynbrook Vg PD,2017,49,0,49,8,24,32,57,24,81
Nassau,Lynbrook Vg PD,2018,50,0,50,8,25,33,58,25,83
Nassau,Lynbrook Vg PD,2019,49,0,49,0,0,0,49,0,49
Nassau,Lynbrook Vg PD,2020,50,0,50,8,24,32,58,24,82
Nassau,Lynbrook Vg PD,2021,50,0,50,7,23,30,57,23,80
Nassau,Lynbrook Vg PD,2022,49,0,49,7,27,34,56,27,83
Nassau,Lynbrook Vg PD,2023,57,30,87,0,0,0,57,30,87
Nassau,Malverne Vg PD,2007,24,0,24,1,7,8,25,7,32
Nassau,Malverne Vg PD,2008,23,0,23,1,8,9,24,8,32
Nassau,Malverne Vg PD,2010,24,0,24,1,6,7,25,6,31
Nassau,Malverne Vg PD,2011,23,0,23,0,9,9,23,9,32
Nassau,Malverne Vg PD,2012,23,0,23,0,8,8,23,8,31
Nassau,Malverne Vg PD,2013,24,0,24,0,8,8,24,8,32
Nassau,Malverne Vg PD,2014,23,0,23,0,8,8,23,8,31
Nassau,Malverne Vg PD,2015,24,0,24,0,6,6,24,6,30
Nassau,Malverne Vg PD,2016,23,0,23,0,0,0,23,0,23
Nassau,Malverne Vg PD,2017,24,0,24,1,7,8,25,7,32
Nassau,Malverne Vg PD,2018,22,0,22,0,7,7,22,7,29
Nassau,Malverne Vg PD,2019,24,0,24,0,8,8,24,8,32
Nassau,Malverne Vg PD,2020,22,0,22,0,8,8,22,8,30
Nassau,Malverne Vg PD,2021,21,0,21,0,8,8,21,8,29
Nassau,Malverne Vg PD,2022,22,0,22,1,7,8,23,7,30
Nassau,Malverne Vg PD,2023,23,0,23,0,7,7,23,7,30
Nassau,Muttontown Village PD,2021,14,0,14,0,0,0,14,0,14
Nassau,Muttontown Village PD,2022,15,0,15,0,0,0,15,0,15
Nassau,Muttontown Village PD,2023,16,0,16,0,0,0,16,0,16
Nassau,Nassau County PD,2007,2594,0,2594,819,491,1310,3413,491,3904
Nassau,Nassau County PD,2008,2721,0,2721,823,463,1286,3544,463,4007
Nassau,Nassau County PD,2009,2580,0,2580,732,457,1189,3312,457,3769
Nassau,Nassau County PD,2010,2429,0,2429,794,465,1259,3223,465,3688
Nassau,Nassau County PD,2011,2388,0,2388,812,459,1271,3200,459,3659
Nassau,Nassau County PD,2012,2247,0,2247,775,443,1218,3022,443,3465
Nassau,Nassau County PD,2013,2200,0,2200,777,455,1232,2977,455,3432
Nassau,Nassau County PD,2014,2257,0,2257,749,452,1201,3006,452,3458
Nassau,Nassau County PD,2015,2413,0,2413,782,429,1211,3195,429,3624
Nassau,Nassau County PD,2016,2450,0,2450,768,464,1232,3218,464,3682
Nassau,Nassau County PD,2017,2456,0,2456,745,431,1176,3201,431,3632
Nassau,Nassau County PD,2018,2424,0,2424,913,286,1199,3337,286,3623
Nassau,Nassau County PD,2019,2357,0,2357,921,329,1250,3278,329,3607
Nassau,Nassau County PD,2020,2276,0,2276,901,331,1232,3177,331,3508
Nassau,Nassau County PD,2021,2515,0,2515,943,361,1304,3458,361,3819
Nassau,Nassau County PD,2022,2494,0,2494,896,310,1206,3390,310,3700
Nassau,Nassau County PD,2023,2512,0,2512,926,323,1249,3438,323,3761
Nassau,Old Brookville Vg PD,2007,40,0,40,12,0,12,52,0,52
Nassau,Old Brookville Vg PD,2008,39,0,39,11,0,11,50,0,50
Nassau,Old Brookville Vg PD,2009,38,0,38,11,0,11,49,0,49
Nassau,Old Brookville Vg PD,2010,40,0,40,11,0,11,51,0,51
Nassau,Old Brookville Vg PD,2011,26,0,26,8,0,8,34,0,34
Nassau,Old Brookville Vg PD,2012,26,0,26,8,0,8,34,0,34
Nassau,Old Brookville Vg PD,2013,26,0,26,8,0,8,34,0,34
Nassau,Old Brookville Vg PD,2014,25,0,25,8,0,8,33,0,33
Nassau,Old Brookville Vg PD,2015,25,0,25,8,0,8,33,0,33
Nassau,Old Brookville Vg PD,2016,25,0,25,8,0,8,33,0,33
Nassau,Old Brookville Vg PD,2017,26,0,26,7,0,7,33,0,33
Nassau,Old Brookville Vg PD,2018,26,0,26,8,0,8,34,0,34
Nassau,Old Brookville Vg PD,2019,26,0,26,8,0,8,34,0,34
Nassau,Old Brookville Vg PD,2020,26,0,26,8,0,8,34,0,34
Nassau,Old Brookville Vg PD,2021,24,0,24,6,0,6,30,0,30
Nassau,Old Brookville Vg PD,2022,14,0,14,1,0,1,15,0,15
Nassau,Old Brookville Vg PD,2023,13,0,13,1,0,1,14,0,14
Nassau,Old Westbury Vg PD,2007,26,0,26,5,1,6,31,1,32
Nassau,Old Westbury Vg PD,2008,26,0,26,5,1,6,31,1,32
Nassau,Old Westbury Vg PD,2009,26,0,26,5,1,6,31,1,32
Nassau,Old Westbury Vg PD,2010,26,0,26,5,1,6,31,1,32
Nassau,Old Westbury Vg PD,2011,26,0,26,5,1,6,31,1,32
Nassau,Old Westbury Vg PD,2012,26,0,26,5,1,6,31,1,32
Nassau,Old Westbury Vg PD,2013,25,0,25,5,1,6,30,1,31
Nassau,Old Westbury Vg PD,2014,25,0,25,5,1,6,30,1,31
Nassau,Old Westbury Vg PD,2015,26,0,26,5,1,6,31,1,32
Nassau,Old Westbury Vg PD,2016,26,0,26,5,1,6,31,1,32
Nassau,Old Westbury Vg PD,2017,26,0,26,5,1,6,31,1,32
Nassau,Old Westbury Vg PD,2018,25,0,25,5,1,6,30,1,31
Nassau,Old Westbury Vg PD,2019,25,0,25,5,1,6,30,1,31
Nassau,Old Westbury Vg PD,2020,25,0,25,5,1,6,30,1,31
Nassau,Old Westbury Vg PD,2022,26,0,26,5,1,6,31,1,32
Nassau,Old Westbury Vg PD,2023,29,0,29,5,1,6,34,1,35
Nassau,Oyster Bay Cove Vg PD,2007,10,0,10,0,0,0,10,0,10
Nassau,Oyster Bay Cove Vg PD,2008,11,0,11,0,0,0,11,0,11
Nassau,Oyster Bay Cove Vg PD,2009,10,0,10,0,0,0,10,0,10
Nassau,Oyster Bay Cove Vg PD,2010,11,0,11,0,0,0,11,0,11
Nassau,Oyster Bay Cove Vg PD,2011,11,0,11,0,0,0,11,0,11
Nassau,Oyster Bay Cove Vg PD,2012,12,0,12,0,0,0,12,0,12
Nassau,Oyster Bay Cove Vg PD,2013,14,0,14,0,0,0,14,0,14
Nassau,Oyster Bay Cove Vg PD,2014,14,0,14,0,0,0,14,0,14
Nassau,Oyster Bay Cove Vg PD,2015,14,0,14,0,0,0,14,0,14
Nassau,Oyster Bay Cove Vg PD,2016,14,0,14,0,0,0,14,0,14
Nassau,Oyster Bay Cove Vg PD,2017,14,0,14,0,0,0,14,0,14
Nassau,Oyster Bay Cove Vg PD,2018,14,0,14,0,0,0,14,0,14
Nassau,Oyster Bay Cove Vg PD,2019,14,0,14,0,0,0,14,0,14
Nassau,Oyster Bay Cove Vg PD,2020,14,0,14,0,0,0,14,0,14
Nassau,Oyster Bay Cove Vg PD,2021,14,0,14,0,0,0,14,0,14
Nassau,Oyster Bay Cove Vg PD,2022,14,0,14,0,0,0,14,0,14
Nassau,Oyster Bay Cove Vg PD,2023,14,0,14,0,0,0,14,0,14
Nassau,Port Washington Police District,2007,63,0,63,7,13,20,70,13,83
Nassau,Port Washington Police District,2008,65,0,65,7,13,20,72,13,85
Nassau,Port Washington Police District,2009,65,0,65,8,14,22,73,14,87
Nassau,Port Washington Police District,2010,61,0,61,8,14,22,69,14,83
Nassau,Port Washington Police District,2011,62,0,62,8,14,22,70,14,84
Nassau,Port Washington Police District,2012,61,0,61,8,13,21,69,13,82
Nassau,Port Washington Police District,2013,58,0,58,8,12,20,66,12,78
Nassau,Port Washington Police District,2014,59,0,59,8,12,20,67,12,79
Nassau,Port Washington Police District,2015,60,0,60,8,12,20,68,12,80
Nassau,Port Washington Police District,2016,55,0,55,8,15,23,63,15,78
Nassau,Port Washington Police District,2017,60,0,60,8,13,21,68,13,81
Nassau,Port Washington Police District,2018,62,0,62,8,12,20,70,12,82
Nassau,Port Washington Police District,2019,61,0,61,8,12,20,69,12,81
Nassau,Port Washington Police District,2020,60,0,60,8,13,21,68,13,81
Nassau,Port Washington Police District,2021,62,0,62,8,12,20,70,12,82
Nassau,Port Washington Police District,2022,62,0,62,8,12,20,70,12,82
Nassau,Port Washington Police District,2023,64,0,64,8,12,20,72,12,84
Nassau,Rockville Centre Vg PD,2007,50,0,50,10,32,42,60,32,92
Nassau,Rockville Centre Vg PD,2008,51,0,51,10,30,40,61,30,91
Nassau,Rockville Centre Vg PD,2009,49,0,49,10,32,42,59,32,91
Nassau,Rockville Centre Vg PD,2010,52,0,52,10,31,41,62,31,93
Nassau,Rockville Centre Vg PD,2011,53,0,53,10,31,41,63,31,94
Nassau,Rockville Centre Vg PD,2012,51,0,51,10,33,43,61,33,94
Nassau,Rockville Centre Vg PD,2013,51,0,51,9,32,41,60,32,92
Nassau,Rockville Centre Vg PD,2014,50,0,50,10,31,41,60,31,91
Nassau,Rockville Centre Vg PD,2015,55,0,55,10,31,41,65,31,96
Nassau,Rockville Centre Vg PD,2016,55,0,55,9,30,39,64,30,94
Nassau,Rockville Centre Vg PD,2017,55,0,55,8,30,38,63,30,93
Nassau,Rockville Centre Vg PD,2018,55,0,55,9,25,34,64,25,89
Nassau,Rockville Centre Vg PD,2019,55,0,55,9,21,30,64,21,85
Nassau,Rockville Centre Vg PD,2020,56,0,56,9,19,28,65,19,84
Nassau,Rockville Centre Vg PD,2021,56,0,56,9,23,32,65,23,88
Nassau,Rockville Centre Vg PD,2022,57,0,57,8,23,31,65,23,88
Nassau,Rockville Centre Vg PD,2023,57,0,57,9,23,32,66,23,89
Nassau,Sands Point Vg PD,2007,21,0,21,0,0,0,21,0,21
Nassau,Sands Point Vg PD,2008,21,0,21,0,0,0,21,0,21
Nassau,Sands Point Vg PD,2009,20,0,20,0,0,0,20,0,20
Nassau,Sands Point Vg PD,2010,19,0,19,0,0,0,19,0,19
Nassau,Sands Point Vg PD,2011,20,0,20,0,0,0,20,0,20
Nassau,Sands Point Vg PD,2012,20,0,20,0,0,0,20,0,20
Nassau,Sands Point Vg PD,2013,20,0,20,0,0,0,20,0,20
Nassau,Sands Point Vg PD,2014,20,0,20,0,0,0,20,0,20
Nassau,Sands Point Vg PD,2015,20,0,20,0,0,0,20,0,20
Nassau,Sands Point Vg PD,2016,20,0,20,0,0,0,20,0,20
Nassau,Sands Point Vg PD,2017,21,0,21,0,0,0,21,0,21
Nassau,Sands Point Vg PD,2018,21,0,21,0,0,0,21,0,21
Nassau,Sands Point Vg PD,2019,20,0,20,0,0,0,20,0,20
Nassau,Sands Point Vg PD,2020,20,0,20,0,0,0,20,0,20
Nassau,Sands Point Vg PD,2021,20,0,20,0,0,0,20,0,20
Nassau,Sands Point Vg PD,2022,20,0,20,0,0,0,20,0,20
Nassau,Sands Point Vg PD,2023,19,0,19,0,0,0,19,0,19
Nassau,SUNY Police - Old Westbury,2007,20,0,20,4,0,4,24,0,24
Nassau,SUNY Police - Old Westbury,2008,22,0,22,2,0,2,24,0,24
Nassau,SUNY Police - Old Westbury,2009,17,0,17,3,0,3,20,0,20
Nassau,SUNY Police - Old Westbury,2010,19,0,19,4,0,4,23,0,23
Nassau,SUNY Police - Old Westbury,2011,18,0,18,3,0,3,21,0,21
Nassau,SUNY Police - Old Westbury,2012,17,0,17,4,0,4,21,0,21
Nassau,SUNY Police - Old Westbury,2013,19,0,19,4,0,4,23,0,23
Nassau,SUNY Police - Old Westbury,2014,20,0,20,4,0,4,24,0,24
Nassau,SUNY Police - Old Westbury,2015,18,0,18,6,0,6,24,0,24
Nassau,SUNY Police - Old Westbury,2016,16,0,16,5,0,5,21,0,21
Nassau,SUNY Police - Old Westbury,2017,20,0,20,4,1,5,24,1,25
Nassau,SUNY Police - Old Westbury,2018,20,0,20,5,0,5,25,0,25
Nassau,SUNY Police - Old Westbury,2019,18,0,18,5,0,5,23,0,23
Nassau,SUNY Police - Old Westbury,2020,19,0,19,4,1,5,23,1,24
Nassau,SUNY Police - Old Westbury,2021,19,0,19,4,1,5,23,1,24
Nassau,SUNY Police - Old Westbury,2022,20,0,20,4,1,5,24,1,25
Nassau,SUNY Police - Old Westbury,2023,15,0,15,3,0,3,18,0,18
New York City,New York City Police Department,2007,35404,0,35404,18444,0,18444,53848,0,53848
New York City,New York City Police Department,2008,35761,0,35761,13903,4536,18439,49664,4536,54200
New York City,New York City Police Department,2009,35071,0,35071,15617,2695,18312,50688,2695,53383
New York City,New York City Police Department,2010,34817,0,34817,15251,2532,17783,50068,2532,52600
New York City,New York City Police Department,2011,34542,0,34542,14859,2518,17377,49401,2518,51919
New York City,New York City Police Department,2012,34555,0,34555,14728,2443,17171,49283,2443,51726
New York City,New York City Police Department,2013,34822,0,34822,14704,2400,17104,49526,2400,51926
New York City,New York City Police Department,2014,34581,0,34581,15084,2489,17573,49665,2489,52154
New York City,New York City Police Department,2015,35395,0,35395,14971,2629,17600,50366,2629,52995
New York City,New York City Police Department,2016,36228,0,36228,15171,3058,18229,51399,3058,54457
New York City,New York City Police Department,2017,36378,0,36378,15701,3193,18894,52079,3193,55272
New York City,New York City Police Department,2018,36134,0,36134,16144,3245,19389,52278,3245,55523
New York City,New York City Police Department,2019,36563,0,36563,16133,2970,19103,52696,2970,55666
New York City,New York City Police Department,2020,34018,0,34018,16065,2804,18869,50083,2804,52887
New York City,New York City Police Department,2021,35047,0,35047,14982,2475,17457,50029,2475,52504
New York City,New York City Police Department,2022,34012,0,34012,14572,2374,16946,48584,2374,50958
New York City,New York City Police Department,2023,33316,0,33316,14100,2596,16696,47416,2596,50012
New York City,UN SUNY Police - Downstate Medical,2007,33,0,33,90,0,90,123,0,123
New York City,UN SUNY Police - Downstate Medical,2008,34,0,34,89,0,89,123,0,123
New York City,UN SUNY Police - Downstate Medical,2009,31,0,31,95,0,95,126,0,126
New York City,UN SUNY Police - Downstate Medical,2010,36,0,36,93,0,93,129,0,129
New York City,UN SUNY Police - Downstate Medical,2011,34,0,34,92,0,92,126,0,126
New York City,UN SUNY Police - Downstate Medical,2012,33,0,33,83,0,83,116,0,116
New York City,UN SUNY Police - Downstate Medical,2013,27,1,28,82,0,82,109,1,110
New York City,UN SUNY Police - Downstate Medical,2014,27,1,28,82,0,82,109,1,110
New York City,UN SUNY Police - Downstate Medical,2015,27,0,27,83,0,83,110,0,110
New York City,UN SUNY Police - Downstate Medical,2016,25,0,25,78,0,78,103,0,103
New York City,UN SUNY Police - Downstate Medical,2017,26,0,26,84,0,84,110,0,110
New York City,UN SUNY Police - Downstate Medical,2018,20,0,20,83,0,83,103,0,103
New York City,UN SUNY Police - Downstate Medical,2019,20,0,20,80,0,80,100,0,100
New York City,UN SUNY Police - Downstate Medical,2020,19,0,19,71,0,71,90,0,90
New York City,UN SUNY Police - Downstate Medical,2021,21,0,21,64,0,64,85,0,85
New York City,UN SUNY Police - Downstate Medical,2022,21,0,21,76,0,76,97,0,97
New York City,UN SUNY Police - Downstate Medical,2023,26,0,26,76,0,76,102,0,102
New York City,UN SUNY Police - Maritime,2007,6,1,7,4,1,5,10,2,12
New York City,UN SUNY Police - Maritime,2008,6,1,7,5,0,5,11,1,12
New York City,UN SUNY Police - Maritime,2009,6,1,7,5,0,5,11,1,12
New York City,UN SUNY Police - Maritime,2010,6,1,7,5,0,5,11,1,12
New York City,UN SUNY Police - Maritime,2011,6,1,7,5,0,5,11,1,12
New York City,UN SUNY Police - Maritime,2014,9,0,9,5,0,5,14,0,14
New York City,UN SUNY Police - Maritime,2015,9,0,9,5,0,5,14,0,14
New York City,UN SUNY Police - Maritime,2017,9,0,9,5,0,5,14,0,14
New York City,UN SUNY Police - Maritime,2018,9,0,9,5,0,5,14,0,14
New York City,UN SUNY Police - Maritime,2019,9,0,9,6,0,6,15,0,15
New York City,UN SUNY Police - Maritime,2020,10,0,10,5,0,5,15,0,15
New York City,UN SUNY Police - Maritime,2021,10,0,10,4,0,4,14,0,14
New York City,UN SUNY Police - Maritime,2022,11,0,11,4,0,4,15,0,15
New York City,UN SUNY Police - Maritime,2023,10,0,10,4,0,4,14,0,14
New York City,UN SUNY Police - Optometry,2007,6,0,6,10,0,10,16,0,16
New York City,UN SUNY Police - Optometry,2008,6,0,6,10,0,10,16,0,16
New York City,UN SUNY Police - Optometry,2009,6,0,6,11,0,11,17,0,17
New York City,UN SUNY Police - Optometry,2010,6,0,6,11,0,11,17,0,17
New York City,UN SUNY Police - Optometry,2011,6,0,6,11,0,11,17,0,17
New York City,UN SUNY Police - Optometry,2012,6,0,6,11,0,11,17,0,17
New York City,UN SUNY Police - Optometry,2013,6,0,6,11,0,11,17,0,17
New York City,UN SUNY Police - Optometry,2014,6,0,6,10,0,10,16,0,16
New York City,UN SUNY Police - Optometry,2015,6,0,6,10,0,10,16,0,16
New York City,UN SUNY Police - Optometry,2016,6,0,6,9,0,9,15,0,15
New York City,UN SUNY Police - Optometry,2017,6,0,6,10,0,10,16,0,16
New York City,UN SUNY Police - Optometry,2018,7,0,7,10,0,10,17,0,17
New York City,UN SUNY Police - Optometry,2019,7,0,7,10,0,10,17,0,17
New York City,UN SUNY Police - Optometry,2020,7,0,7,10,0,10,17,0,17
New York City,UN SUNY Police - Optometry,2021,6,0,6,11,0,11,17,0,17
New York City,UN SUNY Police - Optometry,2022,7,0,7,10,0,10,17,0,17
New York City,UN SUNY Police - Optometry,2023,7,0,7,8,0,8,15,0,15
Niagara,Lewiston Town PD,2007,9,5,14,1,0,1,10,5,15
Niagara,Lewiston Town PD,2008,9,5,14,1,0,1,10,5,15
Niagara,Lewiston Town PD,2009,9,5,14,0,0,0,9,5,14
Niagara,Lewiston Town PD,2010,9,4,13,1,0,1,10,4,14
Niagara,Lewiston Town PD,2011,10,9,19,1,0,1,11,9,20
Niagara,Lewiston Town PD,2012,9,8,17,1,0,1,10,8,18
Niagara,Lewiston Town PD,2013,10,8,18,1,1,2,11,9,20
Niagara,Lewiston Town PD,2014,9,9,18,1,0,1,10,9,19
Niagara,Lewiston Town PD,2015,9,7,16,1,0,1,10,7,17
Niagara,Lewiston Town PD,2016,10,12,22,1,0,1,11,12,23
Niagara,Lewiston Town PD,2017,11,13,24,1,0,1,12,13,25
Niagara,Lewiston Town PD,2018,11,11,22,1,0,1,12,11,23
Niagara,Lewiston Town PD,2019,11,13,24,1,0,1,12,13,25
Niagara,Lewiston Town PD,2020,11,12,23,1,0,1,12,12,24
Niagara,Lewiston Town PD,2022,14,12,26,1,0,1,15,12,27
Niagara,Lewiston Town PD,2023,16,14,30,1,0,1,17,14,31
Niagara,Lockport City PD,2007,49,0,49,3,0,3,52,0,52
Niagara,Lockport City PD,2008,51,0,51,4,18,22,55,18,73
Niagara,Lockport City PD,2009,52,0,52,3,18,21,55,18,73
Niagara,Lockport City PD,2010,49,0,49,3,13,16,52,13,65
Niagara,Lockport City PD,2011,48,0,48,3,12,15,51,12,63
Niagara,Lockport City PD,2012,51,0,51,3,12,15,54,12,66
Niagara,Lockport City PD,2013,49,0,49,3,18,21,52,18,70
Niagara,Lockport City PD,2014,44,0,44,3,13,16,47,13,60
Niagara,Lockport City PD,2015,45,0,45,2,8,10,47,8,55
Niagara,Lockport City PD,2016,47,0,47,2,7,9,49,7,56
Niagara,Lockport City PD,2017,47,0,47,2,2,4,49,2,51
Niagara,Lockport City PD,2018,48,0,48,2,9,11,50,9,59
Niagara,Lockport City PD,2019,49,0,49,2,8,10,51,8,59
Niagara,Lockport City PD,2020,47,0,47,2,8,10,49,8,57
Niagara,Lockport City PD,2021,48,0,48,3,6,9,51,6,57
Niagara,Lockport City PD,2022,47,0,47,2,0,2,49,0,49
Niagara,Lockport City PD,2023,49,0,49,2,2,4,51,2,53
Niagara,Middleport Vg PD,2007,3,5,8,0,1,1,3,6,9
Niagara,Middleport Vg PD,2008,3,4,7,0,1,1,3,5,8
Niagara,Middleport Vg PD,2009,3,4,7,0,1,1,3,5,8
Niagara,Middleport Vg PD,2010,3,5,8,0,1,1,3,6,9
Niagara,Middleport Vg PD,2011,3,5,8,0,1,1,3,6,9
Niagara,Middleport Vg PD,2012,3,3,6,0,1,1,3,4,7
Niagara,Middleport Vg PD,2013,3,4,7,0,1,1,3,5,8
Niagara,Middleport Vg PD,2014,3,4,7,0,0,0,3,4,7
Niagara,Middleport Vg PD,2015,3,4,7,0,1,1,3,5,8
Niagara,Middleport Vg PD,2016,4,2,6,0,0,0,4,2,6
Niagara,Middleport Vg PD,2017,4,2,6,0,0,0,4,2,6
Niagara,Middleport Vg PD,2018,4,3,7,0,0,0,4,3,7
Niagara,Middleport Vg PD,2019,4,2,6,0,0,0,4,2,6
Niagara,Middleport Vg PD,2020,3,2,5,0,0,0,3,2,5
Niagara,Middleport Vg PD,2021,3,2,5,0,0,0,3,2,5
Niagara,Middleport Vg PD,2022,4,2,6,0,0,0,4,2,6
Niagara,Middleport Vg PD,2023,4,5,9,0,0,0,4,5,9
Niagara,Niagara County Sheriff,2007,104,3,107,32,6,38,136,9,145
Niagara,Niagara County Sheriff,2008,106,3,109,33,6,39,139,9,148
Niagara,Niagara County Sheriff,2009,112,2,114,33,7,40,145,9,154
Niagara,Niagara County Sheriff,2010,110,2,112,33,10,43,143,12,155
Niagara,Niagara County Sheriff,2011,107,1,108,33,6,39,140,7,147
Niagara,Niagara County Sheriff,2012,106,1,107,38,7,45,144,8,152
Niagara,Niagara County Sheriff,2013,107,1,108,38,7,45,145,8,153
Niagara,Niagara County Sheriff,2014,110,0,110,40,6,46,150,6,156
Niagara,Niagara County Sheriff,2015,111,0,111,40,10,50,151,10,161
Niagara,Niagara County Sheriff,2016,111,1,112,44,10,54,155,11,166
Niagara,Niagara County Sheriff,2017,107,1,108,50,8,58,157,9,166
Niagara,Niagara County Sheriff,2018,106,0,106,51,10,61,157,10,167
Niagara,Niagara County Sheriff,2019,109,0,109,53,12,65,162,12,174
Niagara,Niagara County Sheriff,2020,105,0,105,53,10,63,158,10,168
Niagara,Niagara County Sheriff,2021,105,2,107,54,7,61,159,9,168
Niagara,Niagara County Sheriff,2022,110,3,113,63,0,63,173,3,176
Niagara,Niagara County Sheriff,2023,110,2,112,63,0,63,173,2,175
Niagara,Niagara Falls City PD,2007,144,0,144,17,10,27,161,10,171
Niagara,Niagara Falls City PD,2008,146,0,146,20,7,27,166,7,173
Niagara,Niagara Falls City PD,2009,145,0,145,20,1,21,165,1,166
Niagara,Niagara Falls City PD,2010,149,0,149,21,2,23,170,2,172
Niagara,Niagara Falls City PD,2011,153,0,153,18,2,20,171,2,173
Niagara,Niagara Falls City PD,2012,152,0,152,20,2,22,172,2,174
Niagara,Niagara Falls City PD,2013,152,0,152,21,2,23,173,2,175
Niagara,Niagara Falls City PD,2014,154,0,154,19,2,21,173,2,175
Niagara,Niagara Falls City PD,2015,153,0,153,19,2,21,172,2,174
Niagara,Niagara Falls City PD,2016,157,0,157,21,2,23,178,2,180
Niagara,Niagara Falls City PD,2017,157,0,157,19,2,21,176,2,178
Niagara,Niagara Falls City PD,2018,146,0,146,18,2,20,164,2,166
Niagara,Niagara Falls City PD,2019,146,0,146,18,2,20,164,2,166
Niagara,Niagara Falls City PD,2020,137,0,137,17,2,19,154,2,156
Niagara,Niagara Falls City PD,2021,146,0,146,18,2,20,164,2,166
Niagara,Niagara Falls City PD,2022,146,0,146,14,0,14,160,0,160
Niagara,Niagara Falls City PD,2023,143,0,143,14,0,14,157,0,157
Niagara,Niagara Town PD,2007,6,16,22,1,0,1,7,16,23
Niagara,Niagara Town PD,2008,6,15,21,1,0,1,7,15,22
Niagara,Niagara Town PD,2009,6,16,22,1,0,1,7,16,23
Niagara,Niagara Town PD,2010,5,18,23,1,0,1,6,18,24
Niagara,Niagara Town PD,2011,4,21,25,1,0,1,5,21,26
Niagara,Niagara Town PD,2012,4,21,25,1,0,1,5,21,26
Niagara,Niagara Town PD,2013,5,19,24,1,0,1,6,19,25
Niagara,Niagara Town PD,2014,7,18,25,1,0,1,8,18,26
Niagara,Niagara Town PD,2015,7,21,28,1,0,1,8,21,29
Niagara,Niagara Town PD,2016,5,21,26,1,0,1,6,21,27
Niagara,Niagara Town PD,2017,7,21,28,1,0,1,8,21,29
Niagara,Niagara Town PD,2018,8,25,33,1,0,1,9,25,34
Niagara,Niagara Town PD,2019,6,18,24,1,0,1,7,18,25
Niagara,Niagara Town PD,2020,6,22,28,1,0,1,7,22,29
Niagara,Niagara Town PD,2021,7,15,22,1,0,1,8,15,23
Niagara,Niagara Town PD,2022,7,17,24,1,0,1,8,17,25
Niagara,Niagara Town PD,2023,9,14,23,1,0,1,10,14,24
Niagara,North Tonawanda City PD,2007,48,0,48,10,3,13,58,3,61
Niagara,North Tonawanda City PD,2008,48,0,48,10,5,15,58,5,63
Niagara,North Tonawanda City PD,2009,47,0,47,10,5,15,57,5,62
Niagara,North Tonawanda City PD,2010,45,0,45,10,5,15,55,5,60
Niagara,North Tonawanda City PD,2011,46,0,46,10,5,15,56,5,61
Niagara,North Tonawanda City PD,2012,45,0,45,4,5,9,49,5,54
Niagara,North Tonawanda City PD,2013,47,0,47,4,5,9,51,5,56
Niagara,North Tonawanda City PD,2014,47,0,47,5,4,9,52,4,56
Niagara,North Tonawanda City PD,2015,47,0,47,4,3,7,51,3,54
Niagara,North Tonawanda City PD,2016,47,0,47,4,4,8,51,4,55
Niagara,North Tonawanda City PD,2017,48,0,48,4,4,8,52,4,56
Niagara,North Tonawanda City PD,2018,48,0,48,4,4,8,52,4,56
Niagara,North Tonawanda City PD,2019,49,0,49,4,4,8,53,4,57
Niagara,North Tonawanda City PD,2020,51,0,51,3,4,7,54,4,58
Niagara,North Tonawanda City PD,2021,50,0,50,4,14,18,54,14,68
Niagara,North Tonawanda City PD,2022,51,0,51,3,4,7,54,4,58
Niagara,North Tonawanda City PD,2023,49,0,49,3,4,7,52,4,56
Niagara,Somerset Town PD,2022,0,8,8,0,0,0,0,8,8
Niagara,Somerset Town PD,2023,0,9,9,0,0,0,0,9,9
Niagara,Youngstown Vg PD,2007,0,8,8,0,0,0,0,8,8
Niagara,Youngstown Vg PD,2008,0,8,8,0,0,0,0,8,8
Niagara,Youngstown Vg PD,2009,0,10,10,0,0,0,0,10,10
Niagara,Youngstown Vg PD,2010,0,10,10,0,0,0,0,10,10
Niagara,Youngstown Vg PD,2011,0,15,15,0,0,0,0,15,15
Niagara,Youngstown Vg PD,2014,0,14,14,0,0,0,0,14,14
Niagara,Youngstown Vg PD,2015,0,17,17,0,0,0,0,17,17
Niagara,Youngstown Vg PD,2016,0,16,16,0,0,0,0,16,16
Niagara,Youngstown Vg PD,2017,0,16,16,0,0,0,0,16,16
Niagara,Youngstown Vg PD,2018,0,17,17,0,0,0,0,17,17
Niagara,Youngstown Vg PD,2019,0,14,14,0,0,0,0,14,14
Niagara,Youngstown Vg PD,2021,0,12,12,0,0,0,0,12,12
Oneida,Boonville Vg PD,2007,2,4,6,0,1,1,2,5,7
Oneida,Boonville Vg PD,2008,3,4,7,0,0,0,3,4,7
Oneida,Boonville Vg PD,2009,3,3,6,0,0,0,3,3,6
Oneida,Boonville Vg PD,2010,3,4,7,0,0,0,3,4,7
Oneida,Boonville Vg PD,2011,3,5,8,0,0,0,3,5,8
Oneida,Boonville Vg PD,2012,3,3,6,0,2,2,3,5,8
Oneida,Boonville Vg PD,2013,3,5,8,0,2,2,3,7,10
Oneida,Boonville Vg PD,2014,2,5,7,0,0,0,2,5,7
Oneida,Boonville Vg PD,2015,3,4,7,0,0,0,3,4,7
Oneida,Boonville Vg PD,2016,3,3,6,0,0,0,3,3,6
Oneida,Boonville Vg PD,2017,2,8,10,0,0,0,2,8,10
Oneida,Boonville Vg PD,2018,2,8,10,0,0,0,2,8,10
Oneida,Boonville Vg PD,2020,1,5,6,0,2,2,1,7,8
Oneida,Boonville Vg PD,2021,1,4,5,0,3,3,1,7,8
Oneida,Boonville Vg PD,2022,0,6,6,0,2,2,0,8,8
Oneida,Boonville Vg PD,2023,0,8,8,0,2,2,0,10,10
Oneida,Camden Vg PD,2007,2,7,9,0,4,4,2,11,13
Oneida,Camden Vg PD,2008,3,8,11,0,4,4,3,12,15
Oneida,Camden Vg PD,2010,3,8,11,0,4,4,3,12,15
Oneida,Camden Vg PD,2011,3,9,12,0,4,4,3,13,16
Oneida,Camden Vg PD,2012,3,9,12,0,3,3,3,12,15
Oneida,Camden Vg PD,2013,2,7,9,0,5,5,2,12,14
Oneida,Camden Vg PD,2014,3,8,11,0,0,0,3,8,11
Oneida,Camden Vg PD,2015,2,9,11,0,0,0,2,9,11
Oneida,Camden Vg PD,2016,2,10,12,0,0,0,2,10,12
Oneida,Camden Vg PD,2017,2,10,12,0,0,0,2,10,12
Oneida,Camden Vg PD,2018,3,9,12,0,0,0,3,9,12
Oneida,Camden Vg PD,2019,2,9,11,0,0,0,2,9,11
Oneida,Camden Vg PD,2020,2,9,11,0,0,0,2,9,11
Oneida,Camden Vg PD,2021,2,9,11,0,0,0,2,9,11
Oneida,Camden Vg PD,2022,1,9,10,0,0,0,1,9,10
Oneida,Camden Vg PD,2023,2,6,8,0,0,0,2,6,8
Oneida,Kirkland Town PD,2007,6,7,13,0,1,1,6,8,14
Oneida,Kirkland Town PD,2008,6,7,13,0,1,1,6,8,14
Oneida,Kirkland Town PD,2009,5,8,13,0,0,0,5,8,13
Oneida,Kirkland Town PD,2010,6,9,15,0,0,0,6,9,15
Oneida,Kirkland Town PD,2011,7,8,15,0,0,0,7,8,15
Oneida,Kirkland Town PD,2012,7,9,16,1,0,1,8,9,17
Oneida,Kirkland Town PD,2013,6,8,14,1,0,1,7,8,15
Oneida,Kirkland Town PD,2014,6,8,14,1,0,1,7,8,15
Oneida,Kirkland Town PD,2015,4,9,13,0,1,1,4,10,14
Oneida,Kirkland Town PD,2016,5,9,14,0,1,1,5,10,15
Oneida,Kirkland Town PD,2017,5,10,15,0,1,1,5,11,16
Oneida,Kirkland Town PD,2018,5,9,14,0,0,0,5,9,14
Oneida,Kirkland Town PD,2020,3,9,12,0,0,0,3,9,12
Oneida,Kirkland Town PD,2021,2,6,8,0,0,0,2,6,8
Oneida,Kirkland Town PD,2022,3,7,10,0,0,0,3,7,10
Oneida,Kirkland Town PD,2023,2,8,10,0,0,0,2,8,10
Oneida,New Hartford Town and Vg PD,2007,20,7,27,11,24,35,31,31,62
Oneida,New Hartford Town and Vg PD,2008,21,7,28,11,24,35,32,31,63
Oneida,New Hartford Town and Vg PD,2009,21,6,27,11,25,36,32,31,63
Oneida,New Hartford Town and Vg PD,2010,19,7,26,11,22,33,30,29,59
Oneida,New Hartford Town and Vg PD,2011,19,7,26,3,11,14,22,18,40
Oneida,New Hartford Town and Vg PD,2012,19,7,26,3,11,14,22,18,40
Oneida,New Hartford Town and Vg PD,2013,19,8,27,3,10,13,22,18,40
Oneida,New Hartford Town and Vg PD,2014,19,7,26,4,11,15,23,18,41
Oneida,New Hartford Town and Vg PD,2015,19,6,25,4,11,15,23,17,40
Oneida,New Hartford Town and Vg PD,2016,20,5,25,4,11,15,24,16,40
Oneida,New Hartford Town and Vg PD,2017,20,12,32,4,10,14,24,22,46
Oneida,New Hartford Town and Vg PD,2018,20,12,32,4,9,13,24,21,45
Oneida,New Hartford Town and Vg PD,2019,20,12,32,3,9,12,23,21,44
Oneida,New Hartford Town and Vg PD,2020,20,12,32,2,10,12,22,22,44
Oneida,New Hartford Town and Vg PD,2021,20,12,32,3,9,12,23,21,44
Oneida,New Hartford Town and Vg PD,2022,22,9,31,2,10,12,24,19,43
Oneida,New Hartford Town and Vg PD,2023,21,9,30,2,7,9,23,16,39
Oneida,New York Mills Vg PD,2008,5,4,9,0,0,0,5,4,9
Oneida,New York Mills Vg PD,2009,5,4,9,0,0,0,5,4,9
Oneida,New York Mills Vg PD,2010,5,7,12,0,2,2,5,9,14
Oneida,New York Mills Vg PD,2012,3,10,13,0,0,0,3,10,13
Oneida,New York Mills Vg PD,2013,3,7,10,0,0,0,3,7,10
Oneida,New York Mills Vg PD,2014,4,5,9,0,0,0,4,5,9
Oneida,New York Mills Vg PD,2015,4,6,10,0,0,0,4,6,10
Oneida,New York Mills Vg PD,2016,4,7,11,0,0,0,4,7,11
Oneida,New York Mills Vg PD,2017,3,7,10,0,0,0,3,7,10
Oneida,New York Mills Vg PD,2018,4,7,11,0,0,0,4,7,11
Oneida,New York Mills Vg PD,2019,5,6,11,0,0,0,5,6,11
Oneida,New York Mills Vg PD,2020,4,8,12,0,0,0,4,8,12
Oneida,New York Mills Vg PD,2021,3,9,12,0,0,0,3,9,12
Oneida,New York Mills Vg PD,2022,5,8,13,0,0,0,5,8,13
Oneida,New York Mills Vg PD,2023,5,8,13,0,0,0,5,8,13
Oneida,Oneida County Sheriff,2007,89,9,98,17,12,29,106,21,127
Oneida,Oneida County Sheriff,2008,89,9,98,17,12,29,106,21,127
Oneida,Oneida County Sheriff,2009,88,5,93,25,17,42,113,22,135
Oneida,Oneida County Sheriff,2010,84,5,89,29,23,52,113,28,141
Oneida,Oneida County Sheriff,2011,83,2,85,35,24,59,118,26,144
Oneida,Oneida County Sheriff,2012,81,2,83,20,12,32,101,14,115
Oneida,Oneida County Sheriff,2013,85,2,87,21,10,31,106,12,118
Oneida,Oneida County Sheriff,2014,81,3,84,18,11,29,99,14,113
Oneida,Oneida County Sheriff,2015,89,2,91,16,7,23,105,9,114
Oneida,Oneida County Sheriff,2016,87,17,104,26,10,36,113,27,140
Oneida,Oneida County Sheriff,2017,82,2,84,11,39,50,93,41,134
Oneida,Oneida County Sheriff,2018,87,3,90,43,2,45,130,5,135
Oneida,Oneida County Sheriff,2019,102,95,197,39,6,45,141,101,242
Oneida,Oneida County Sheriff,2020,105,3,108,39,2,41,144,5,149
Oneida,Oneida County Sheriff,2021,100,3,103,37,0,37,137,3,140
Oneida,Oneida County Sheriff,2022,86,3,89,31,93,124,117,96,213
Oneida,Oneida County Sheriff,2023,125,83,208,10,7,17,135,90,225
Oneida,Oriskany Vg PD,2007,0,8,8,0,0,0,0,8,8
Oneida,Oriskany Vg PD,2009,0,8,8,0,0,0,0,8,8
Oneida,Oriskany Vg PD,2010,0,8,8,0,0,0,0,8,8
Oneida,Oriskany Vg PD,2011,0,9,9,0,0,0,0,9,9
Oneida,Oriskany Vg PD,2012,0,9,9,0,0,0,0,9,9
Oneida,Oriskany Vg PD,2013,1,8,9,0,0,0,1,8,9
Oneida,Oriskany Vg PD,2014,0,10,10,0,0,0,0,10,10
Oneida,Oriskany Vg PD,2015,0,10,10,0,0,0,0,10,10
Oneida,Oriskany Vg PD,2016,0,10,10,0,0,0,0,10,10
Oneida,Oriskany Vg PD,2017,0,13,13,0,0,0,0,13,13
Oneida,Oriskany Vg PD,2018,0,12,12,0,0,0,0,12,12
Oneida,Oriskany Vg PD,2019,0,16,16,0,0,0,0,16,16
Oneida,Oriskany Vg PD,2020,0,14,14,0,0,0,0,14,14
Oneida,Oriskany Vg PD,2021,0,14,14,0,0,0,0,14,14
Oneida,Oriskany Vg PD,2022,0,14,14,0,0,0,0,14,14
Oneida,Oriskany Vg PD,2023,0,16,16,0,0,0,0,16,16
Oneida,Rome City PD,2007,78,8,86,4,16,20,82,24,106
Oneida,Rome City PD,2008,76,10,86,4,8,12,80,18,98
Oneida,Rome City PD,2009,76,10,86,4,5,9,80,15,95
Oneida,Rome City PD,2010,76,12,88,4,9,13,80,21,101
Oneida,Rome City PD,2011,73,9,82,4,6,10,77,15,92
Oneida,Rome City PD,2012,76,10,86,2,6,8,78,16,94
Oneida,Rome City PD,2013,75,15,90,2,0,2,77,15,92
Oneida,Rome City PD,2014,74,12,86,2,0,2,76,12,88
Oneida,Rome City PD,2015,76,9,85,2,0,2,78,9,87
Oneida,Rome City PD,2016,74,9,83,2,0,2,76,9,85
Oneida,Rome City PD,2017,73,9,82,2,0,2,75,9,84
Oneida,Rome City PD,2018,73,13,86,2,0,2,75,13,88
Oneida,Rome City PD,2019,72,13,85,2,0,2,74,13,87
Oneida,Rome City PD,2020,67,15,82,2,0,2,69,15,84
Oneida,Rome City PD,2021,78,16,94,2,0,2,80,16,96
Oneida,Rome City PD,2022,73,14,87,2,0,2,75,14,89
Oneida,Rome City PD,2023,74,17,91,3,0,3,77,17,94
Oneida,Sherrill City PD,2007,4,5,9,0,0,0,4,5,9
Oneida,Sherrill City PD,2008,3,6,9,0,0,0,3,6,9
Oneida,Sherrill City PD,2009,3,6,9,0,0,0,3,6,9
Oneida,Sherrill City PD,2010,3,10,13,0,0,0,3,10,13
Oneida,Sherrill City PD,2011,3,7,10,0,0,0,3,7,10
Oneida,Sherrill City PD,2012,3,11,14,0,0,0,3,11,14
Oneida,Sherrill City PD,2013,3,10,13,0,0,0,3,10,13
Oneida,Sherrill City PD,2014,2,10,12,0,0,0,2,10,12
Oneida,Sherrill City PD,2015,2,11,13,0,0,0,2,11,13
Oneida,Sherrill City PD,2016,3,7,10,0,0,0,3,7,10
Oneida,Sherrill City PD,2017,3,9,12,0,0,0,3,9,12
Oneida,Sherrill City PD,2018,3,11,14,0,0,0,3,11,14
Oneida,Sherrill City PD,2019,3,9,12,0,0,0,3,9,12
Oneida,Sherrill City PD,2020,3,10,13,0,0,0,3,10,13
Oneida,Sherrill City PD,2022,3,10,13,0,0,0,3,10,13
Oneida,Sherrill City PD,2023,3,10,13,0,0,0,3,10,13
Oneida,SUNY Police - Polytechnic Institute,2007,9,0,9,4,0,4,13,0,13
Oneida,SUNY Police - Polytechnic Institute,2008,10,0,10,4,8,12,14,8,22
Oneida,SUNY Police - Polytechnic Institute,2009,10,0,10,4,7,11,14,7,21
Oneida,SUNY Police - Polytechnic Institute,2010,10,0,10,5,7,12,15,7,22
Oneida,SUNY Police - Polytechnic Institute,2011,11,0,11,5,8,13,16,8,24
Oneida,SUNY Police - Polytechnic Institute,2012,11,0,11,4,8,12,15,8,23
Oneida,SUNY Police - Polytechnic Institute,2013,11,0,11,5,7,12,16,7,23
Oneida,SUNY Police - Polytechnic Institute,2014,11,0,11,3,5,8,14,5,19
Oneida,SUNY Police - Polytechnic Institute,2015,11,0,11,5,1,6,16,1,17
Oneida,SUNY Police - Polytechnic Institute,2016,11,0,11,5,0,5,16,0,16
Oneida,SUNY Police - Polytechnic Institute,2017,11,0,11,5,0,5,16,0,16
Oneida,SUNY Police - Polytechnic Institute,2018,11,0,11,5,0,5,16,0,16
Oneida,SUNY Police - Polytechnic Institute,2019,11,0,11,4,0,4,15,0,15
Oneida,SUNY Police - Polytechnic Institute,2020,12,0,12,5,0,5,17,0,17
Oneida,SUNY Police - Polytechnic Institute,2021,11,0,11,5,0,5,16,0,16
Oneida,SUNY Police - Polytechnic Institute,2022,12,0,12,5,0,5,17,0,17
Oneida,SUNY Police - Polytechnic Institute,2023,12,0,12,5,0,5,17,0,17
Oneida,Utica City PD,2007,182,0,182,17,12,29,199,12,211
Oneida,Utica City PD,2008,171,0,171,18,11,29,189,11,200
Oneida,Utica City PD,2009,183,0,183,21,1,22,204,1,205
Oneida,Utica City PD,2010,182,0,182,20,11,31,202,11,213
Oneida,Utica City PD,2011,178,0,178,20,11,31,198,11,209
Oneida,Utica City PD,2012,158,0,158,15,11,26,173,11,184
Oneida,Utica City PD,2013,155,0,155,16,14,30,171,14,185
Oneida,Utica City PD,2014,163,0,163,16,14,30,179,14,193
Oneida,Utica City PD,2015,162,0,162,15,9,24,177,9,186
Oneida,Utica City PD,2016,163,0,163,17,9,26,180,9,189
Oneida,Utica City PD,2017,162,0,162,17,9,26,179,9,188
Oneida,Utica City PD,2018,159,0,159,15,8,23,174,8,182
Oneida,Utica City PD,2019,162,0,162,11,9,20,173,9,182
Oneida,Utica City PD,2020,161,0,161,12,9,21,173,9,182
Oneida,Utica City PD,2021,163,0,163,15,6,21,178,6,184
Oneida,Utica City PD,2022,165,0,165,16,4,20,181,4,185
Oneida,Utica City PD,2023,169,0,169,16,5,21,185,5,190
Oneida,Vernon Vg PD,2007,1,9,10,0,0,0,1,9,10
Oneida,Vernon Vg PD,2008,1,10,11,0,0,0,1,10,11
Oneida,Vernon Vg PD,2010,1,9,10,0,0,0,1,9,10
Oneida,Vernon Vg PD,2011,1,9,10,0,0,0,1,9,10
Oneida,Vernon Vg PD,2012,1,10,11,0,0,0,1,10,11
Oneida,Vernon Vg PD,2013,1,9,10,0,0,0,1,9,10
Oneida,Vernon Vg PD,2014,1,9,10,0,0,0,1,9,10
Oneida,Vernon Vg PD,2015,1,9,10,0,0,0,1,9,10
Oneida,Vernon Vg PD,2016,1,9,10,0,0,0,1,9,10
Oneida,Vernon Vg PD,2017,1,8,9,0,0,0,1,8,9
Oneida,Vernon Vg PD,2018,1,8,9,0,0,0,1,8,9
Oneida,Vernon Vg PD,2019,1,10,11,0,0,0,1,10,11
Oneida,Vernon Vg PD,2021,0,11,11,0,0,0,0,11,11
Oneida,Vernon Vg PD,2022,0,11,11,0,0,0,0,11,11
Oneida,Vernon Vg PD,2023,0,13,13,0,0,0,0,13,13
Oneida,Whitesboro Vg PD,2007,8,2,10,0,0,0,8,2,10
Oneida,Whitesboro Vg PD,2008,8,3,11,0,0,0,8,3,11
Oneida,Whitesboro Vg PD,2009,7,3,10,0,0,0,7,3,10
Oneida,Whitesboro Vg PD,2010,7,2,9,0,0,0,7,2,9
Oneida,Whitesboro Vg PD,2011,6,3,9,0,0,0,6,3,9
Oneida,Whitesboro Vg PD,2012,6,3,9,0,0,0,6,3,9
Oneida,Whitesboro Vg PD,2013,6,4,10,0,0,0,6,4,10
Oneida,Whitesboro Vg PD,2014,6,5,11,0,0,0,6,5,11
Oneida,Whitesboro Vg PD,2015,5,6,11,0,0,0,5,6,11
Oneida,Whitesboro Vg PD,2016,5,5,10,0,0,0,5,5,10
Oneida,Whitesboro Vg PD,2017,6,4,10,0,0,0,6,4,10
Oneida,Whitesboro Vg PD,2018,6,6,12,0,0,0,6,6,12
Oneida,Whitesboro Vg PD,2020,5,6,11,0,0,0,5,6,11
Oneida,Whitesboro Vg PD,2021,5,5,10,0,0,0,5,5,10
Oneida,Whitesboro Vg PD,2022,5,6,11,0,0,0,5,6,11
Oneida,Whitesboro Vg PD,2023,5,5,10,0,0,0,5,5,10
Oneida,Whitestown Town PD,2007,6,5,11,0,0,0,6,5,11
Oneida,Whitestown Town PD,2008,6,6,12,0,0,0,6,6,12
Oneida,Whitestown Town PD,2009,7,6,13,0,0,0,7,6,13
Oneida,Whitestown Town PD,2010,7,6,13,0,1,1,7,7,14
Oneida,Whitestown Town PD,2011,7,5,12,0,1,1,7,6,13
Oneida,Whitestown Town PD,2012,7,5,12,0,1,1,7,6,13
Oneida,Whitestown Town PD,2013,7,5,12,0,1,1,7,6,13
Oneida,Whitestown Town PD,2014,6,7,13,0,0,0,6,7,13
Oneida,Whitestown Town PD,2015,6,7,13,0,0,0,6,7,13
Oneida,Whitestown Town PD,2016,6,7,13,0,0,0,6,7,13
Oneida,Whitestown Town PD,2017,6,6,12,0,0,0,6,6,12
Oneida,Whitestown Town PD,2018,6,8,14,0,1,1,6,9,15
Oneida,Whitestown Town PD,2019,7,7,14,0,0,0,7,7,14
Oneida,Whitestown Town PD,2020,7,7,14,0,0,0,7,7,14
Oneida,Whitestown Town PD,2021,5,9,14,0,0,0,5,9,14
Oneida,Whitestown Town PD,2022,7,7,14,0,0,0,7,7,14
Oneida,Whitestown Town PD,2023,5,9,14,0,0,0,5,9,14
Oneida,Yorkville Vg PD,2007,4,7,11,0,0,0,4,7,11
Oneida,Yorkville Vg PD,2008,3,7,10,0,0,0,3,7,10
Oneida,Yorkville Vg PD,2009,3,7,10,0,0,0,3,7,10
Oneida,Yorkville Vg PD,2010,3,5,8,0,0,0,3,5,8
Oneida,Yorkville Vg PD,2011,3,8,11,0,0,0,3,8,11
Oneida,Yorkville Vg PD,2012,4,10,14,0,0,0,4,10,14
Oneida,Yorkville Vg PD,2013,4,12,16,0,0,0,4,12,16
Oneida,Yorkville Vg PD,2014,4,9,13,0,0,0,4,9,13
Oneida,Yorkville Vg PD,2015,4,12,16,0,0,0,4,12,16
Oneida,Yorkville Vg PD,2016,3,12,15,0,0,0,3,12,15
Oneida,Yorkville Vg PD,2017,3,10,13,0,0,0,3,10,13
Oneida,Yorkville Vg PD,2018,4,9,13,0,0,0,4,9,13
Oneida,Yorkville Vg PD,2020,3,10,13,0,0,0,3,10,13
Oneida,Yorkville Vg PD,2022,3,13,16,0,0,0,3,13,16
Oneida,Yorkville Vg PD,2023,3,12,15,0,0,0,3,12,15
Onondaga,Baldwinsville Vg PD,2007,15,0,15,3,0,3,18,0,18
Onondaga,Baldwinsville Vg PD,2008,15,0,15,3,0,3,18,0,18
Onondaga,Baldwinsville Vg PD,2009,14,0,14,3,0,3,17,0,17
Onondaga,Baldwinsville Vg PD,2010,12,0,12,2,0,2,14,0,14
Onondaga,Baldwinsville Vg PD,2011,11,0,11,1,1,2,12,1,13
Onondaga,Baldwinsville Vg PD,2012,10,0,10,1,1,2,11,1,12
Onondaga,Baldwinsville Vg PD,2013,11,4,15,1,1,2,12,5,17
Onondaga,Baldwinsville Vg PD,2014,11,5,16,1,1,2,12,6,18
Onondaga,Baldwinsville Vg PD,2015,11,5,16,1,1,2,12,6,18
Onondaga,Baldwinsville Vg PD,2016,11,3,14,1,1,2,12,4,16
Onondaga,Baldwinsville Vg PD,2017,11,1,12,1,1,2,12,2,14
Onondaga,Baldwinsville Vg PD,2018,10,2,12,1,1,2,11,3,14
Onondaga,Baldwinsville Vg PD,2019,13,1,14,1,1,2,14,2,16
Onondaga,Baldwinsville Vg PD,2020,12,4,16,1,1,2,13,5,18
Onondaga,Baldwinsville Vg PD,2021,13,0,13,1,1,2,14,1,15
Onondaga,Baldwinsville Vg PD,2022,13,2,15,1,1,2,14,3,17
Onondaga,Baldwinsville Vg PD,2023,13,2,15,1,1,2,14,3,17
Onondaga,Camillus Town and Vg PD,2007,24,4,28,2,1,3,26,5,31
Onondaga,Camillus Town and Vg PD,2008,24,3,27,2,0,2,26,3,29
Onondaga,Camillus Town and Vg PD,2009,24,2,26,2,0,2,26,2,28
Onondaga,Camillus Town and Vg PD,2010,22,3,25,2,0,2,24,3,27
Onondaga,Camillus Town and Vg PD,2011,23,6,29,2,0,2,25,6,31
Onondaga,Camillus Town and Vg PD,2012,23,6,29,2,0,2,25,6,31
Onondaga,Camillus Town and Vg PD,2013,23,6,29,2,0,2,25,6,31
Onondaga,Camillus Town and Vg PD,2014,22,6,28,1,2,3,23,8,31
Onondaga,Camillus Town and Vg PD,2015,20,5,25,1,3,4,21,8,29
Onondaga,Camillus Town and Vg PD,2016,24,5,29,2,1,3,26,6,32
Onondaga,Camillus Town and Vg PD,2017,24,4,28,3,1,4,27,5,32
Onondaga,Camillus Town and Vg PD,2018,24,5,29,3,2,5,27,7,34
Onondaga,Camillus Town and Vg PD,2019,24,8,32,3,2,5,27,10,37
Onondaga,Camillus Town and Vg PD,2020,24,5,29,4,7,11,28,12,40
Onondaga,Camillus Town and Vg PD,2021,24,4,28,2,3,5,26,7,33
Onondaga,Camillus Town and Vg PD,2022,24,9,33,2,4,6,26,13,39
Onondaga,Camillus Town and Vg PD,2023,25,11,36,2,2,4,27,13,40
Onondaga,Cicero Town PD,2007,14,11,25,1,3,4,15,14,29
Onondaga,Cicero Town PD,2008,14,14,28,1,3,4,15,17,32
Onondaga,Cicero Town PD,2009,14,11,25,1,1,2,15,12,27
Onondaga,Cicero Town PD,2010,13,9,22,1,2,3,14,11,25
Onondaga,Cicero Town PD,2011,13,10,23,1,2,3,14,12,26
Onondaga,Cicero Town PD,2013,16,9,25,0,2,2,16,11,27
Onondaga,Cicero Town PD,2015,15,3,18,0,2,2,15,5,20
Onondaga,Cicero Town PD,2020,15,3,18,0,0,0,15,3,18
Onondaga,Cicero Town PD,2021,16,1,17,1,1,2,17,2,19
Onondaga,Cicero Town PD,2022,18,8,26,1,1,2,19,9,28
Onondaga,Cicero Town PD,2023,20,5,25,1,1,2,21,6,27
Onondaga,DeWitt Town PD,2007,37,0,37,3,0,3,40,0,40
Onondaga,DeWitt Town PD,2008,37,0,37,3,1,4,40,1,41
Onondaga,DeWitt Town PD,2009,38,0,38,4,0,4,42,0,42
Onondaga,DeWitt Town PD,2010,34,0,34,4,0,4,38,0,38
Onondaga,DeWitt Town PD,2011,36,0,36,4,0,4,40,0,40
Onondaga,DeWitt Town PD,2012,36,0,36,2,2,4,38,2,40
Onondaga,DeWitt Town PD,2013,35,0,35,2,3,5,37,3,40
Onondaga,DeWitt Town PD,2014,38,0,38,2,2,4,40,2,42
Onondaga,DeWitt Town PD,2015,44,0,44,3,2,5,47,2,49
Onondaga,DeWitt Town PD,2016,44,0,44,4,1,5,48,1,49
Onondaga,DeWitt Town PD,2017,42,0,42,4,0,4,46,0,46
Onondaga,DeWitt Town PD,2018,42,0,42,2,3,5,44,3,47
Onondaga,DeWitt Town PD,2019,43,0,43,3,2,5,46,2,48
Onondaga,DeWitt Town PD,2020,43,0,43,3,2,5,46,2,48
Onondaga,DeWitt Town PD,2021,45,0,45,4,0,4,49,0,49
Onondaga,DeWitt Town PD,2022,41,0,41,4,0,4,45,0,45
Onondaga,DeWitt Town PD,2023,43,0,43,3,0,3,46,0,46
Onondaga,Geddes Town PD,2007,16,0,16,2,0,2,18,0,18
Onondaga,Geddes Town PD,2008,15,0,15,2,0,2,17,0,17
Onondaga,Geddes Town PD,2009,15,0,15,2,0,2,17,0,17
Onondaga,Geddes Town PD,2010,14,0,14,2,0,2,16,0,16
Onondaga,Geddes Town PD,2011,14,0,14,2,0,2,16,0,16
Onondaga,Geddes Town PD,2012,14,2,16,2,0,2,16,2,18
Onondaga,Geddes Town PD,2013,13,2,15,2,0,2,15,2,17
Onondaga,Geddes Town PD,2014,14,4,18,2,0,2,16,4,20
Onondaga,Geddes Town PD,2015,14,5,19,2,0,2,16,5,21
Onondaga,Geddes Town PD,2016,15,5,20,2,0,2,17,5,22
Onondaga,Geddes Town PD,2017,15,2,17,2,0,2,17,2,19
Onondaga,Geddes Town PD,2018,14,4,18,2,0,2,16,4,20
Onondaga,Geddes Town PD,2019,17,3,20,2,1,3,19,4,23
Onondaga,Geddes Town PD,2020,16,3,19,2,1,3,18,4,22
Onondaga,Geddes Town PD,2021,17,2,19,3,0,3,20,2,22
Onondaga,Geddes Town PD,2022,17,4,21,3,1,4,20,5,25
Onondaga,Geddes Town PD,2023,23,2,25,3,1,4,26,3,29
Onondaga,Jordan Vg PD,2008,0,8,8,0,0,0,0,8,8
Onondaga,Jordan Vg PD,2009,0,7,7,0,0,0,0,7,7
Onondaga,Jordan Vg PD,2010,0,7,7,0,1,1,0,8,8
Onondaga,Jordan Vg PD,2011,0,6,6,0,0,0,0,6,6
Onondaga,Jordan Vg PD,2012,0,7,7,0,0,0,0,7,7
Onondaga,Jordan Vg PD,2013,0,6,6,0,1,1,0,7,7
Onondaga,Jordan Vg PD,2014,0,6,6,0,0,0,0,6,6
Onondaga,Jordan Vg PD,2015,0,7,7,0,0,0,0,7,7
Onondaga,Jordan Vg PD,2016,0,8,8,0,0,0,0,8,8
Onondaga,Jordan Vg PD,2017,0,8,8,0,1,1,0,9,9
Onondaga,Jordan Vg PD,2018,0,8,8,0,0,0,0,8,8
Onondaga,Jordan Vg PD,2019,0,8,8,0,1,1,0,9,9
Onondaga,Jordan Vg PD,2020,0,8,8,0,1,1,0,9,9
Onondaga,Jordan Vg PD,2021,0,7,7,0,1,1,0,8,8
Onondaga,Jordan Vg PD,2022,0,7,7,0,1,1,0,8,8
Onondaga,Jordan Vg PD,2023,0,7,7,0,1,1,0,8,8
Onondaga,Liverpool Vg PD,2007,3,7,10,1,0,1,4,7,11
Onondaga,Liverpool Vg PD,2008,5,8,13,1,0,1,6,8,14
Onondaga,Liverpool Vg PD,2009,5,9,14,1,3,4,6,12,18
Onondaga,Liverpool Vg PD,2010,5,10,15,1,3,4,6,13,19
Onondaga,Liverpool Vg PD,2011,5,10,15,1,3,4,6,13,19
Onondaga,Liverpool Vg PD,2012,4,10,14,1,0,1,5,10,15
Onondaga,Liverpool Vg PD,2013,5,8,13,1,0,1,6,8,14
Onondaga,Liverpool Vg PD,2014,5,10,15,1,0,1,6,10,16
Onondaga,Liverpool Vg PD,2015,4,12,16,1,0,1,5,12,17
Onondaga,Liverpool Vg PD,2016,5,9,14,0,1,1,5,10,15
Onondaga,Liverpool Vg PD,2017,5,11,16,0,1,1,5,12,17
Onondaga,Liverpool Vg PD,2018,4,12,16,0,1,1,4,13,17
Onondaga,Liverpool Vg PD,2019,4,11,15,0,1,1,4,12,16
Onondaga,Liverpool Vg PD,2020,4,8,12,0,4,4,4,12,16
Onondaga,Liverpool Vg PD,2021,5,5,10,0,1,1,5,6,11
Onondaga,Liverpool Vg PD,2022,4,9,13,0,1,1,4,10,14
Onondaga,Liverpool Vg PD,2023,5,5,10,0,1,1,5,6,11
Onondaga,Manlius Town PD,2007,38,0,38,6,2,8,44,2,46
Onondaga,Manlius Town PD,2008,38,0,38,8,1,9,46,1,47
Onondaga,Manlius Town PD,2009,38,0,38,8,1,9,46,1,47
Onondaga,Manlius Town PD,2010,37,0,37,8,1,9,45,1,46
Onondaga,Manlius Town PD,2011,36,0,36,8,1,9,44,1,45
Onondaga,Manlius Town PD,2013,35,0,35,7,2,9,42,2,44
Onondaga,Manlius Town PD,2014,36,0,36,7,2,9,43,2,45
Onondaga,Manlius Town PD,2015,36,0,36,7,2,9,43,2,45
Onondaga,Manlius Town PD,2016,36,0,36,7,1,8,43,1,44
Onondaga,Manlius Town PD,2017,37,1,38,0,0,0,37,1,38
Onondaga,Manlius Town PD,2018,38,0,38,6,2,8,44,2,46
Onondaga,Manlius Town PD,2019,37,0,37,5,2,7,42,2,44
Onondaga,Manlius Town PD,2020,34,1,35,4,2,6,38,3,41
Onondaga,Manlius Town PD,2021,36,3,39,4,0,4,40,3,43
Onondaga,Manlius Town PD,2022,35,6,41,4,2,6,39,8,47
Onondaga,Manlius Town PD,2023,36,7,43,4,2,6,40,9,49
Onondaga,Marcellus Vg PD,2007,1,10,11,0,2,2,1,12,13
Onondaga,Marcellus Vg PD,2009,0,14,14,0,1,1,0,15,15
Onondaga,Marcellus Vg PD,2010,0,13,13,0,1,1,0,14,14
Onondaga,Marcellus Vg PD,2011,0,14,14,0,1,1,0,15,15
Onondaga,Marcellus Vg PD,2012,0,13,13,0,1,1,0,14,14
Onondaga,Marcellus Vg PD,2013,0,12,12,0,1,1,0,13,13
Onondaga,Marcellus Vg PD,2014,0,12,12,0,1,1,0,13,13
Onondaga,Marcellus Vg PD,2015,0,14,14,0,1,1,0,15,15
Onondaga,Marcellus Vg PD,2016,0,14,14,0,1,1,0,15,15
Onondaga,Marcellus Vg PD,2017,0,15,15,0,1,1,0,16,16
Onondaga,Marcellus Vg PD,2018,0,18,18,0,1,1,0,19,19
Onondaga,Marcellus Vg PD,2019,0,16,16,0,1,1,0,17,17
Onondaga,Marcellus Vg PD,2021,0,14,14,0,1,1,0,15,15
Onondaga,Marcellus Vg PD,2022,0,15,15,0,1,1,0,16,16
Onondaga,Marcellus Vg PD,2023,0,11,11,0,1,1,0,12,12
Onondaga,North Syracuse Vg PD,2007,13,0,13,1,1,2,14,1,15
Onondaga,North Syracuse Vg PD,2008,12,3,15,1,2,3,13,5,18
Onondaga,North Syracuse Vg PD,2009,13,2,15,1,2,3,14,4,18
Onondaga,North Syracuse Vg PD,2010,10,2,12,1,2,3,11,4,15
Onondaga,North Syracuse Vg PD,2011,10,5,15,1,1,2,11,6,17
Onondaga,North Syracuse Vg PD,2012,10,6,16,1,1,2,11,7,18
Onondaga,North Syracuse Vg PD,2013,10,5,15,1,1,2,11,6,17
Onondaga,North Syracuse Vg PD,2014,10,4,14,1,1,2,11,5,16
Onondaga,North Syracuse Vg PD,2015,9,4,13,1,1,2,10,5,15
Onondaga,North Syracuse Vg PD,2016,10,4,14,1,1,2,11,5,16
Onondaga,North Syracuse Vg PD,2017,10,4,14,1,1,2,11,5,16
Onondaga,North Syracuse Vg PD,2018,10,6,16,1,1,2,11,7,18
Onondaga,North Syracuse Vg PD,2019,11,5,16,1,1,2,12,6,18
Onondaga,North Syracuse Vg PD,2020,11,4,15,1,1,2,12,5,17
Onondaga,North Syracuse Vg PD,2021,11,5,16,1,1,2,12,6,18
Onondaga,North Syracuse Vg PD,2022,12,6,18,1,0,1,13,6,19
Onondaga,North Syracuse Vg PD,2023,7,6,13,1,1,2,8,7,15
Onondaga,Onondaga County Park Rangers,2007,1,19,20,0,4,4,1,23,24
Onondaga,Onondaga County Park Rangers,2008,1,20,21,0,5,5,1,25,26
Onondaga,Onondaga County Park Rangers,2009,1,18,19,0,4,4,1,22,23
Onondaga,Onondaga County Park Rangers,2010,1,18,19,0,1,1,1,19,20
Onondaga,Onondaga County Park Rangers,2011,1,17,18,0,3,3,1,20,21
Onondaga,Onondaga County Park Rangers,2013,1,19,20,0,2,2,1,21,22
Onondaga,Onondaga County Park Rangers,2014,1,17,18,0,1,1,1,18,19
Onondaga,Onondaga County Park Rangers,2015,1,17,18,0,1,1,1,18,19
Onondaga,Onondaga County Park Rangers,2016,1,21,22,0,1,1,1,22,23
Onondaga,Onondaga County Park Rangers,2017,1,19,20,0,1,1,1,20,21
Onondaga,Onondaga County Park Rangers,2018,1,17,18,0,2,2,1,19,20
Onondaga,Onondaga County Park Rangers,2019,1,22,23,0,1,1,1,23,24
Onondaga,Onondaga County Park Rangers,2020,1,21,22,0,1,1,1,22,23
Onondaga,Onondaga County Park Rangers,2021,1,22,23,0,0,0,1,22,23
Onondaga,Onondaga County Park Rangers,2022,1,20,21,0,1,1,1,21,22
Onondaga,Onondaga County Park Rangers,2023,1,21,22,0,1,1,1,22,23
Onondaga,Onondaga County Sheriff,2007,238,20,258,49,10,59,287,30,317
Onondaga,Onondaga County Sheriff,2008,249,25,274,48,10,58,297,35,332
Onondaga,Onondaga County Sheriff,2009,262,27,289,42,5,47,304,32,336
Onondaga,Onondaga County Sheriff,2010,228,0,228,38,5,43,266,5,271
Onondaga,Onondaga County Sheriff,2011,227,18,245,40,5,45,267,23,290
Onondaga,Onondaga County Sheriff,2013,223,21,244,49,14,63,272,35,307
Onondaga,Onondaga County Sheriff,2014,212,17,229,38,6,44,250,23,273
Onondaga,Onondaga County Sheriff,2015,215,22,237,37,4,41,252,26,278
Onondaga,Onondaga County Sheriff,2016,215,22,237,32,6,38,247,28,275
Onondaga,Onondaga County Sheriff,2017,202,25,227,34,5,39,236,30,266
Onondaga,Onondaga County Sheriff,2018,205,31,236,30,8,38,235,39,274
Onondaga,Onondaga County Sheriff,2019,212,29,241,43,15,58,255,44,299
Onondaga,Onondaga County Sheriff,2020,191,0,191,41,6,47,232,6,238
Onondaga,Onondaga County Sheriff,2021,217,0,217,38,5,43,255,5,260
Onondaga,Onondaga County Sheriff,2022,216,0,216,41,7,48,257,7,264
Onondaga,Onondaga County Sheriff,2023,205,32,237,39,9,48,244,41,285
Onondaga,Skaneateles Vg PD,2007,5,5,10,0,1,1,5,6,11
Onondaga,Skaneateles Vg PD,2008,5,7,12,0,1,1,5,8,13
Onondaga,Skaneateles Vg PD,2009,5,6,11,0,1,1,5,7,12
Onondaga,Skaneateles Vg PD,2010,5,6,11,0,1,1,5,7,12
Onondaga,Skaneateles Vg PD,2011,4,9,13,0,1,1,4,10,14
Onondaga,Skaneateles Vg PD,2012,2,11,13,1,0,1,3,11,14
Onondaga,Skaneateles Vg PD,2013,2,12,14,0,1,1,2,13,15
Onondaga,Skaneateles Vg PD,2014,1,13,14,1,0,1,2,13,15
Onondaga,Skaneateles Vg PD,2015,1,12,13,0,2,2,1,14,15
Onondaga,Skaneateles Vg PD,2016,1,13,14,0,2,2,1,15,16
Onondaga,Skaneateles Vg PD,2017,3,11,14,0,2,2,3,13,16
Onondaga,Skaneateles Vg PD,2018,1,13,14,0,1,1,1,14,15
Onondaga,Skaneateles Vg PD,2019,2,10,12,1,0,1,3,10,13
Onondaga,Skaneateles Vg PD,2020,2,9,11,0,0,0,2,9,11
Onondaga,Skaneateles Vg PD,2021,4,6,10,1,0,1,5,6,11
Onondaga,Skaneateles Vg PD,2022,4,7,11,1,0,1,5,7,12
Onondaga,Skaneateles Vg PD,2023,4,8,12,0,0,0,4,8,12
Onondaga,Solvay Vg PD,2007,13,8,21,2,0,2,15,8,23
Onondaga,Solvay Vg PD,2008,13,5,18,2,0,2,15,5,20
Onondaga,Solvay Vg PD,2009,12,6,18,2,0,2,14,6,20
Onondaga,Solvay Vg PD,2010,14,6,20,2,0,2,16,6,22
Onondaga,Solvay Vg PD,2011,14,7,21,2,0,2,16,7,23
Onondaga,Solvay Vg PD,2012,14,7,21,2,0,2,16,7,23
Onondaga,Solvay Vg PD,2013,13,6,19,2,0,2,15,6,21
Onondaga,Solvay Vg PD,2014,12,3,15,1,0,1,13,3,16
Onondaga,Solvay Vg PD,2015,12,3,15,1,0,1,13,3,16
Onondaga,Solvay Vg PD,2016,14,4,18,1,0,1,15,4,19
Onondaga,Solvay Vg PD,2017,14,3,17,1,0,1,15,3,18
Onondaga,Solvay Vg PD,2018,14,4,18,1,0,1,15,4,19
Onondaga,Solvay Vg PD,2019,13,4,17,1,0,1,14,4,18
Onondaga,Solvay Vg PD,2020,13,3,16,1,3,4,14,6,20
Onondaga,Solvay Vg PD,2021,14,5,19,1,1,2,15,6,21
Onondaga,Solvay Vg PD,2022,14,2,16,1,1,2,15,3,18
Onondaga,Solvay Vg PD,2023,11,2,13,1,1,2,12,3,15
Onondaga,SUNY Police - Environmental Science,2007,11,0,11,2,1,3,13,1,14
Onondaga,SUNY Police - Environmental Science,2008,11,0,11,2,2,4,13,2,15
Onondaga,SUNY Police - Environmental Science,2009,10,0,10,2,1,3,12,1,13
Onondaga,SUNY Police - Environmental Science,2010,11,0,11,1,1,2,12,1,13
Onondaga,SUNY Police - Environmental Science,2011,10,0,10,1,1,2,11,1,12
Onondaga,SUNY Police - Environmental Science,2012,9,0,9,1,1,2,10,1,11
Onondaga,SUNY Police - Environmental Science,2013,9,0,9,1,1,2,10,1,11
Onondaga,SUNY Police - Environmental Science,2014,9,0,9,1,1,2,10,1,11
Onondaga,SUNY Police - Environmental Science,2015,8,1,9,2,2,4,10,3,13
Onondaga,SUNY Police - Environmental Science,2016,8,0,8,1,1,2,9,1,10
Onondaga,SUNY Police - Environmental Science,2017,9,0,9,4,9,13,13,9,22
Onondaga,SUNY Police - Environmental Science,2018,9,0,9,4,0,4,13,0,13
Onondaga,SUNY Police - Environmental Science,2019,8,0,8,4,5,9,12,5,17
Onondaga,SUNY Police - Environmental Science,2020,11,0,11,5,0,5,16,0,16
Onondaga,SUNY Police - Environmental Science,2021,8,0,8,5,0,5,13,0,13
Onondaga,SUNY Police - Environmental Science,2022,9,0,9,5,0,5,14,0,14
Onondaga,SUNY Police - Environmental Science,2023,11,0,11,5,0,5,16,0,16
Onondaga,SUNY Police - Upstate Medical,2008,13,0,13,66,0,66,79,0,79
Onondaga,SUNY Police - Upstate Medical,2009,13,0,13,78,1,79,91,1,92
Onondaga,SUNY Police - Upstate Medical,2010,11,0,11,80,6,86,91,6,97
Onondaga,SUNY Police - Upstate Medical,2011,13,0,13,98,10,108,111,10,121
Onondaga,SUNY Police - Upstate Medical,2012,15,0,15,93,4,97,108,4,112
Onondaga,SUNY Police - Upstate Medical,2013,14,0,14,98,2,100,112,2,114
Onondaga,SUNY Police - Upstate Medical,2014,17,0,17,102,1,103,119,1,120
Onondaga,SUNY Police - Upstate Medical,2015,17,0,17,92,12,104,109,12,121
Onondaga,SUNY Police - Upstate Medical,2016,18,0,18,88,17,105,106,17,123
Onondaga,SUNY Police - Upstate Medical,2017,20,0,20,92,22,114,112,22,134
Onondaga,SUNY Police - Upstate Medical,2018,20,0,20,91,22,113,111,22,133
Onondaga,SUNY Police - Upstate Medical,2019,19,0,19,95,24,119,114,24,138
Onondaga,SUNY Police - Upstate Medical,2020,19,0,19,82,25,107,101,25,126
Onondaga,SUNY Police - Upstate Medical,2021,21,0,21,81,25,106,102,25,127
Onondaga,SUNY Police - Upstate Medical,2022,21,0,21,100,29,129,121,29,150
Onondaga,SUNY Police - Upstate Medical,2023,20,0,20,95,27,122,115,27,142
Onondaga,Syracuse City PD,2007,489,0,489,64,0,64,553,0,553
Onondaga,Syracuse City PD,2008,494,0,494,69,64,133,563,64,627
Onondaga,Syracuse City PD,2009,505,0,505,66,1,67,571,1,572
Onondaga,Syracuse City PD,2010,484,0,484,68,55,123,552,55,607
Onondaga,Syracuse City PD,2011,494,0,494,70,55,125,564,55,619
Onondaga,Syracuse City PD,2012,468,0,468,66,55,121,534,55,589
Onondaga,Syracuse City PD,2013,440,0,440,68,53,121,508,53,561
Onondaga,Syracuse City PD,2014,451,0,451,69,54,123,520,54,574
Onondaga,Syracuse City PD,2015,414,0,414,68,54,122,482,54,536
Onondaga,Syracuse City PD,2016,415,0,415,69,54,123,484,54,538
Onondaga,Syracuse City PD,2017,420,0,420,75,52,127,495,52,547
Onondaga,Syracuse City PD,2018,418,0,418,70,61,131,488,61,549
Onondaga,Syracuse City PD,2019,403,0,403,68,72,140,471,72,543
Onondaga,Syracuse City PD,2020,422,0,422,71,57,128,493,57,550
Onondaga,Syracuse City PD,2021,376,0,376,67,73,140,443,73,516
Onondaga,Syracuse City PD,2022,373,0,373,81,82,163,454,82,536
Onondaga,Syracuse City PD,2023,385,0,385,76,73,149,461,73,534
Onondaga,Syracuse Regional Airport Authority Police,2023,7,17,24,0,0,0,7,17,24
Ontario,Canandaigua City PD,2008,25,0,25,4,4,8,29,4,33
Ontario,Canandaigua City PD,2009,25,2,27,3,9,12,28,11,39
Ontario,Canandaigua City PD,2010,23,2,25,2,8,10,25,10,35
Ontario,Canandaigua City PD,2011,23,2,25,2,7,9,25,9,34
Ontario,Canandaigua City PD,2012,23,2,25,2,8,10,25,10,35
Ontario,Canandaigua City PD,2013,22,2,24,2,7,9,24,9,33
Ontario,Canandaigua City PD,2014,24,4,28,2,7,9,26,11,37
Ontario,Canandaigua City PD,2015,22,4,26,2,7,9,24,11,35
Ontario,Canandaigua City PD,2016,22,5,27,2,7,9,24,12,36
Ontario,Canandaigua City PD,2017,23,4,27,2,8,10,25,12,37
Ontario,Canandaigua City PD,2018,24,3,27,2,6,8,26,9,35
Ontario,Canandaigua City PD,2019,24,3,27,2,5,7,26,8,34
Ontario,Canandaigua City PD,2020,25,4,29,2,6,8,27,10,37
Ontario,Canandaigua City PD,2021,25,4,29,2,6,8,27,10,37
Ontario,Canandaigua City PD,2022,23,5,28,2,7,9,25,12,37
Ontario,Canandaigua City PD,2023,24,5,29,2,6,8,26,11,37
Ontario,Clifton Springs Vg PD,2007,2,2,4,0,1,1,2,3,5
Ontario,Clifton Springs Vg PD,2008,2,2,4,0,1,1,2,3,5
Ontario,Clifton Springs Vg PD,2009,2,2,4,0,1,1,2,3,5
Ontario,Clifton Springs Vg PD,2010,2,2,4,0,1,1,2,3,5
Ontario,Clifton Springs Vg PD,2011,2,2,4,0,1,1,2,3,5
Ontario,Clifton Springs Vg PD,2012,2,3,5,0,1,1,2,4,6
Ontario,Clifton Springs Vg PD,2013,1,4,5,0,0,0,1,4,5
Ontario,Clifton Springs Vg PD,2014,1,4,5,0,0,0,1,4,5
Ontario,Clifton Springs Vg PD,2015,1,4,5,0,0,0,1,4,5
Ontario,Clifton Springs Vg PD,2016,1,4,5,0,0,0,1,4,5
Ontario,Clifton Springs Vg PD,2017,1,4,5,0,0,0,1,4,5
Ontario,Clifton Springs Vg PD,2021,1,4,5,0,0,0,1,4,5
Ontario,Clifton Springs Vg PD,2022,0,4,4,0,0,0,0,4,4
Ontario,Clifton Springs Vg PD,2023,0,3,3,0,0,0,0,3,3
Ontario,Geneva City PD,2007,33,0,33,5,10,15,38,10,48
Ontario,Geneva City PD,2008,37,0,37,5,11,16,42,11,53
Ontario,Geneva City PD,2009,37,0,37,5,9,14,42,9,51
Ontario,Geneva City PD,2010,36,0,36,5,9,14,41,9,50
Ontario,Geneva City PD,2011,35,0,35,5,8,13,40,8,48
Ontario,Geneva City PD,2012,36,0,36,5,9,14,41,9,50
Ontario,Geneva City PD,2013,35,0,35,5,9,14,40,9,49
Ontario,Geneva City PD,2014,35,0,35,5,9,14,40,9,49
Ontario,Geneva City PD,2015,34,1,35,3,15,18,37,16,53
Ontario,Geneva City PD,2016,33,2,35,2,11,13,35,13,48
Ontario,Geneva City PD,2017,31,2,33,2,4,6,33,6,39
Ontario,Geneva City PD,2018,34,3,37,2,3,5,36,6,42
Ontario,Geneva City PD,2019,33,3,36,2,3,5,35,6,41
Ontario,Geneva City PD,2020,33,0,33,2,1,3,35,1,36
Ontario,Geneva City PD,2021,30,0,30,1,0,1,31,0,31
Ontario,Geneva City PD,2022,27,2,29,1,1,2,28,3,31
Ontario,Geneva City PD,2023,28,2,30,2,0,2,30,2,32
Ontario,Manchester Vg PD,2007,0,1,1,0,0,0,0,1,1
Ontario,Manchester Vg PD,2008,0,1,1,0,0,0,0,1,1
Ontario,Manchester Vg PD,2009,0,1,1,0,0,0,0,1,1
Ontario,Manchester Vg PD,2010,0,1,1,0,0,0,0,1,1
Ontario,Manchester Vg PD,2011,0,1,1,0,0,0,0,1,1
Ontario,Manchester Vg PD,2012,0,1,1,0,0,0,0,1,1
Ontario,Manchester Vg PD,2013,0,1,1,0,0,0,0,1,1
Ontario,Manchester Vg PD,2014,0,1,1,0,0,0,0,1,1
Ontario,Manchester Vg PD,2015,0,1,1,0,0,0,0,1,1
Ontario,Manchester Vg PD,2016,0,1,1,0,0,0,0,1,1
Ontario,Manchester Vg PD,2017,0,1,1,0,0,0,0,1,1
Ontario,Manchester Vg PD,2018,1,0,1,0,0,0,1,0,1
Ontario,Manchester Vg PD,2019,0,1,1,0,0,0,0,1,1
Ontario,Manchester Vg PD,2020,0,1,1,0,0,0,0,1,1
Ontario,Manchester Vg PD,2021,0,1,1,0,0,0,0,1,1
Ontario,Ontario County Sheriff,2007,72,27,99,0,0,0,72,27,99
Ontario,Ontario County Sheriff,2008,66,24,90,48,5,53,114,29,143
Ontario,Ontario County Sheriff,2009,68,26,94,34,6,40,102,32,134
Ontario,Ontario County Sheriff,2010,67,26,93,34,6,40,101,32,133
Ontario,Ontario County Sheriff,2011,64,27,91,34,6,40,98,33,131
Ontario,Ontario County Sheriff,2012,64,28,92,34,6,40,98,34,132
Ontario,Ontario County Sheriff,2013,66,28,94,42,3,45,108,31,139
Ontario,Ontario County Sheriff,2014,66,28,94,37,5,42,103,33,136
Ontario,Ontario County Sheriff,2015,66,28,94,38,5,43,104,33,137
Ontario,Ontario County Sheriff,2016,70,30,100,44,7,51,114,37,151
Ontario,Ontario County Sheriff,2017,70,30,100,42,5,47,112,35,147
Ontario,Ontario County Sheriff,2018,75,32,107,47,4,51,122,36,158
Ontario,Ontario County Sheriff,2019,71,27,98,57,5,62,128,32,160
Ontario,Ontario County Sheriff,2020,78,30,108,67,5,72,145,35,180
Ontario,Ontario County Sheriff,2021,58,28,86,55,4,59,113,32,145
Ontario,Ontario County Sheriff,2022,72,29,101,58,4,62,130,33,163
Ontario,Ontario County Sheriff,2023,79,25,104,50,7,57,129,32,161
Ontario,Phelps Vg PD,2009,0,6,6,0,1,1,0,7,7
Ontario,Phelps Vg PD,2010,0,7,7,0,1,1,0,8,8
Ontario,Phelps Vg PD,2012,0,7,7,0,1,1,0,8,8
Ontario,Phelps Vg PD,2013,0,7,7,0,1,1,0,8,8
Ontario,Phelps Vg PD,2014,0,7,7,0,1,1,0,8,8
Ontario,Phelps Vg PD,2016,0,7,7,0,1,1,0,8,8
Ontario,Phelps Vg PD,2017,0,8,8,0,1,1,0,9,9
Ontario,Phelps Vg PD,2018,0,6,6,0,1,1,0,7,7
Ontario,Phelps Vg PD,2020,0,6,6,0,1,1,0,7,7
Orange,Blooming Grove Town PD,2007,15,0,15,2,0,2,17,0,17
Orange,Blooming Grove Town PD,2008,16,0,16,2,0,2,18,0,18
Orange,Blooming Grove Town PD,2009,15,0,15,2,0,2,17,0,17
Orange,Blooming Grove Town PD,2010,15,0,15,2,0,2,17,0,17
Orange,Blooming Grove Town PD,2011,15,0,15,2,0,2,17,0,17
Orange,Blooming Grove Town PD,2012,14,0,14,2,0,2,16,0,16
Orange,Blooming Grove Town PD,2013,14,0,14,2,0,2,16,0,16
Orange,Blooming Grove Town PD,2014,13,0,13,2,0,2,15,0,15
Orange,Blooming Grove Town PD,2015,14,1,15,2,0,2,16,1,17
Orange,Blooming Grove Town PD,2016,12,1,13,2,0,2,14,1,15
Orange,Blooming Grove Town PD,2017,10,2,12,2,0,2,12,2,14
Orange,Blooming Grove Town PD,2018,11,3,14,2,0,2,13,3,16
Orange,Blooming Grove Town PD,2019,15,5,20,2,0,2,17,5,22
Orange,Blooming Grove Town PD,2020,15,2,17,2,0,2,17,2,19
Orange,Blooming Grove Town PD,2021,18,2,20,2,2,4,20,4,24
Orange,Blooming Grove Town PD,2022,18,4,22,1,2,3,19,6,25
Orange,Blooming Grove Town PD,2023,18,4,22,1,3,4,19,7,26
Orange,Chester Town PD,2007,13,7,20,0,3,3,13,10,23
Orange,Chester Town PD,2008,13,5,18,0,3,3,13,8,21
Orange,Chester Town PD,2009,13,5,18,0,3,3,13,8,21
Orange,Chester Town PD,2010,14,5,19,0,3,3,14,8,22
Orange,Chester Town PD,2011,14,4,18,0,2,2,14,6,20
Orange,Chester Town PD,2012,13,5,18,0,2,2,13,7,20
Orange,Chester Town PD,2013,14,5,19,0,2,2,14,7,21
Orange,Chester Town PD,2014,14,5,19,0,2,2,14,7,21
Orange,Chester Town PD,2015,14,2,16,0,2,2,14,4,18
Orange,Chester Town PD,2016,14,4,18,0,2,2,14,6,20
Orange,Chester Town PD,2017,17,5,22,0,2,2,17,7,24
Orange,Chester Town PD,2018,12,6,18,0,2,2,12,8,20
Orange,Chester Town PD,2019,15,5,20,0,2,2,15,7,22
Orange,Chester Town PD,2020,15,5,20,0,2,2,15,7,22
Orange,Chester Town PD,2021,14,3,17,0,1,1,14,4,18
Orange,Chester Town PD,2022,15,6,21,0,2,2,15,8,23
Orange,Chester Town PD,2023,16,6,22,0,2,2,16,8,24
Orange,Chester Vg PD,2007,10,5,15,1,3,4,11,8,19
Orange,Chester Vg PD,2008,11,4,15,1,2,3,12,6,18
Orange,Chester Vg PD,2009,14,3,17,1,0,1,15,3,18
Orange,Chester Vg PD,2010,15,4,19,1,2,3,16,6,22
Orange,Chester Vg PD,2013,12,4,16,1,1,2,13,5,18
Orange,Chester Vg PD,2014,12,3,15,1,2,3,13,5,18
Orange,Chester Vg PD,2015,13,3,16,1,1,2,14,4,18
Orange,Chester Vg PD,2016,13,2,15,1,1,2,14,3,17
Orange,Chester Vg PD,2017,13,3,16,1,1,2,14,4,18
Orange,Chester Vg PD,2018,11,4,15,1,1,2,12,5,17
Orange,Chester Vg PD,2019,13,3,16,1,1,2,14,4,18
Orange,Chester Vg PD,2020,14,3,17,1,1,2,15,4,19
Orange,Chester Vg PD,2022,14,3,17,1,0,1,15,3,18
Orange,Chester Vg PD,2023,16,1,17,1,0,1,17,1,18
Orange,Cornwall Town PD,2007,11,10,21,4,11,15,15,21,36
Orange,Cornwall Town PD,2008,12,9,21,4,11,15,16,20,36
Orange,Cornwall Town PD,2009,12,8,20,4,10,14,16,18,34
Orange,Cornwall Town PD,2010,12,8,20,3,9,12,15,17,32
Orange,Cornwall Town PD,2011,12,9,21,3,8,11,15,17,32
Orange,Cornwall Town PD,2012,10,9,19,3,7,10,13,16,29
Orange,Cornwall Town PD,2013,7,10,17,3,9,12,10,19,29
Orange,Cornwall Town PD,2014,9,10,19,3,9,12,12,19,31
Orange,Cornwall Town PD,2015,9,8,17,3,8,11,12,16,28
Orange,Cornwall Town PD,2016,9,8,17,2,9,11,11,17,28
Orange,Cornwall Town PD,2017,9,8,17,3,5,8,12,13,25
Orange,Cornwall Town PD,2018,9,8,17,3,5,8,12,13,25
Orange,Cornwall Town PD,2019,9,9,18,3,5,8,12,14,26
Orange,Cornwall Town PD,2020,9,8,17,2,3,5,11,11,22
Orange,Cornwall Town PD,2021,10,7,17,2,2,4,12,9,21
Orange,Cornwall Town PD,2022,9,7,16,2,2,4,11,9,20
Orange,Cornwall Town PD,2023,7,2,9,2,1,3,9,3,12
Orange,Cornwall-on-Hudson Vg PD,2007,4,12,16,0,0,0,4,12,16
Orange,Cornwall-on-Hudson Vg PD,2010,2,15,17,0,0,0,2,15,17
Orange,Cornwall-on-Hudson Vg PD,2013,2,11,13,0,1,1,2,12,14
Orange,Cornwall-on-Hudson Vg PD,2014,2,13,15,0,2,2,2,15,17
Orange,Cornwall-on-Hudson Vg PD,2015,2,13,15,0,2,2,2,15,17
Orange,Cornwall-on-Hudson Vg PD,2016,3,12,15,0,1,1,3,13,16
Orange,Cornwall-on-Hudson Vg PD,2017,3,11,14,0,2,2,3,13,16
Orange,Cornwall-on-Hudson Vg PD,2018,3,10,13,0,1,1,3,11,14
Orange,Cornwall-on-Hudson Vg PD,2019,3,10,13,0,1,1,3,11,14
Orange,Cornwall-on-Hudson Vg PD,2020,3,10,13,0,1,1,3,11,14
Orange,Cornwall-on-Hudson Vg PD,2021,2,9,11,0,1,1,2,10,12
Orange,Cornwall-on-Hudson Vg PD,2022,3,9,12,0,1,1,3,10,13
Orange,Cornwall-on-Hudson Vg PD,2023,3,10,13,0,1,1,3,11,14
Orange,Crawford Town PD,2007,12,11,23,2,9,11,14,20,34
Orange,Crawford Town PD,2008,12,10,22,2,10,12,14,20,34
Orange,Crawford Town PD,2009,12,7,19,2,8,10,14,15,29
Orange,Crawford Town PD,2010,12,9,21,2,7,9,14,16,30
Orange,Crawford Town PD,2011,13,10,23,2,9,11,15,19,34
Orange,Crawford Town PD,2012,8,11,19,2,10,12,10,21,31
Orange,Crawford Town PD,2013,8,11,19,2,10,12,10,21,31
Orange,Crawford Town PD,2014,10,8,18,1,12,13,11,20,31
Orange,Crawford Town PD,2015,9,9,18,1,12,13,10,21,31
Orange,Crawford Town PD,2016,9,10,19,1,11,12,10,21,31
Orange,Crawford Town PD,2017,9,12,21,1,10,11,10,22,32
Orange,Crawford Town PD,2018,11,16,27,1,12,13,12,28,40
Orange,Crawford Town PD,2019,11,16,27,1,10,11,12,26,38
Orange,Crawford Town PD,2021,11,16,27,1,13,14,12,29,41
Orange,Crawford Town PD,2022,11,17,28,1,9,10,12,26,38
Orange,Crawford Town PD,2023,13,16,29,1,10,11,14,26,40
Orange,Deerpark Town PD,2007,7,13,20,0,0,0,7,13,20
Orange,Deerpark Town PD,2008,7,12,19,0,0,0,7,12,19
Orange,Deerpark Town PD,2009,6,12,18,0,0,0,6,12,18
Orange,Deerpark Town PD,2010,6,13,19,0,0,0,6,13,19
Orange,Deerpark Town PD,2011,4,17,21,0,0,0,4,17,21
Orange,Deerpark Town PD,2012,4,17,21,0,0,0,4,17,21
Orange,Deerpark Town PD,2013,3,19,22,0,0,0,3,19,22
Orange,Deerpark Town PD,2014,3,18,21,0,0,0,3,18,21
Orange,Deerpark Town PD,2015,4,19,23,0,0,0,4,19,23
Orange,Deerpark Town PD,2016,3,19,22,0,0,0,3,19,22
Orange,Deerpark Town PD,2017,4,18,22,0,0,0,4,18,22
Orange,Deerpark Town PD,2018,3,18,21,0,0,0,3,18,21
Orange,Deerpark Town PD,2019,4,17,21,0,0,0,4,17,21
Orange,Deerpark Town PD,2020,4,19,23,0,1,1,4,20,24
Orange,Deerpark Town PD,2021,6,15,21,0,1,1,6,16,22
Orange,Deerpark Town PD,2022,6,15,21,0,1,1,6,16,22
Orange,Deerpark Town PD,2023,5,16,21,0,1,1,5,17,22
Orange,Florida Vg PD,2007,1,13,14,0,0,0,1,13,14
Orange,Florida Vg PD,2009,1,13,14,0,0,0,1,13,14
Orange,Florida Vg PD,2010,1,13,14,0,0,0,1,13,14
Orange,Florida Vg PD,2011,1,13,14,0,0,0,1,13,14
Orange,Florida Vg PD,2012,1,12,13,0,0,0,1,12,13
Orange,Florida Vg PD,2013,1,13,14,0,0,0,1,13,14
Orange,Florida Vg PD,2014,1,13,14,0,0,0,1,13,14
Orange,Florida Vg PD,2015,1,11,12,0,0,0,1,11,12
Orange,Florida Vg PD,2016,1,13,14,0,0,0,1,13,14
Orange,Florida Vg PD,2017,1,13,14,0,0,0,1,13,14
Orange,Florida Vg PD,2018,1,15,16,0,0,0,1,15,16
Orange,Florida Vg PD,2019,1,14,15,0,0,0,1,14,15
Orange,Florida Vg PD,2020,1,15,16,0,0,0,1,15,16
Orange,Florida Vg PD,2021,1,13,14,0,0,0,1,13,14
Orange,Florida Vg PD,2022,1,14,15,0,0,0,1,14,15
Orange,Florida Vg PD,2023,1,15,16,0,0,0,1,15,16
Orange,Goshen Town PD,2007,11,9,20,1,0,1,12,9,21
Orange,Goshen Town PD,2008,11,9,20,1,0,1,12,9,21
Orange,Goshen Town PD,2009,11,9,20,1,0,1,12,9,21
Orange,Goshen Town PD,2010,11,8,19,1,0,1,12,8,20
Orange,Goshen Town PD,2011,10,8,18,1,0,1,11,8,19
Orange,Goshen Town PD,2013,15,4,19,3,1,4,18,5,23
Orange,Goshen Town PD,2014,9,10,19,0,1,1,9,11,20
Orange,Goshen Town PD,2015,9,9,18,0,1,1,9,10,19
Orange,Goshen Town PD,2016,9,11,20,0,1,1,9,12,21
Orange,Goshen Town PD,2017,9,15,24,0,1,1,9,16,25
Orange,Goshen Town PD,2018,8,15,23,0,1,1,8,16,24
Orange,Goshen Town PD,2019,6,16,22,0,0,0,6,16,22
Orange,Goshen Town PD,2020,6,17,23,0,0,0,6,17,23
Orange,Goshen Town PD,2021,6,20,26,0,0,0,6,20,26
Orange,Goshen Town PD,2022,6,18,24,0,1,1,6,19,25
Orange,Goshen Town PD,2023,9,11,20,0,1,1,9,12,21
Orange,Goshen Vg PD,2007,17,2,19,2,2,4,19,4,23
Orange,Goshen Vg PD,2008,17,2,19,3,1,4,20,3,23
Orange,Goshen Vg PD,2009,17,3,20,3,1,4,20,4,24
Orange,Goshen Vg PD,2010,17,3,20,3,1,4,20,4,24
Orange,Goshen Vg PD,2011,17,4,21,3,1,4,20,5,25
Orange,Goshen Vg PD,2012,16,4,20,3,1,4,19,5,24
Orange,Goshen Vg PD,2013,15,4,19,3,1,4,18,5,23
Orange,Goshen Vg PD,2014,16,4,20,3,2,5,19,6,25
Orange,Goshen Vg PD,2015,17,5,22,3,2,5,20,7,27
Orange,Goshen Vg PD,2016,17,6,23,3,2,5,20,8,28
Orange,Goshen Vg PD,2017,17,4,21,3,2,5,20,6,26
Orange,Goshen Vg PD,2018,17,8,25,3,2,5,20,10,30
Orange,Goshen Vg PD,2019,18,11,29,3,2,5,21,13,34
Orange,Goshen Vg PD,2020,18,9,27,3,2,5,21,11,32
Orange,Goshen Vg PD,2021,18,8,26,3,3,6,21,11,32
Orange,Goshen Vg PD,2022,20,7,27,3,3,6,23,10,33
Orange,Goshen Vg PD,2023,21,7,28,3,4,7,24,11,35
Orange,Greenwood Lake Vg PD,2007,6,15,21,2,9,11,8,24,32
Orange,Greenwood Lake Vg PD,2008,6,14,20,2,6,8,8,20,28
Orange,Greenwood Lake Vg PD,2009,7,12,19,2,4,6,9,16,25
Orange,Greenwood Lake Vg PD,2010,5,13,18,2,5,7,7,18,25
Orange,Greenwood Lake Vg PD,2011,7,10,17,2,6,8,9,16,25
Orange,Greenwood Lake Vg PD,2012,7,9,16,1,6,7,8,15,23
Orange,Greenwood Lake Vg PD,2013,8,7,15,1,6,7,9,13,22
Orange,Greenwood Lake Vg PD,2014,6,11,17,1,9,10,7,20,27
Orange,Greenwood Lake Vg PD,2015,5,14,19,1,9,10,6,23,29
Orange,Greenwood Lake Vg PD,2016,5,14,19,1,11,12,6,25,31
Orange,Greenwood Lake Vg PD,2017,5,14,19,1,11,12,6,25,31
Orange,Greenwood Lake Vg PD,2018,5,15,20,1,10,11,6,25,31
Orange,Greenwood Lake Vg PD,2019,3,14,17,1,11,12,4,25,29
Orange,Greenwood Lake Vg PD,2020,4,14,18,0,0,0,4,14,18
Orange,Greenwood Lake Vg PD,2022,5,16,21,2,7,9,7,23,30
Orange,Greenwood Lake Vg PD,2023,4,20,24,2,6,8,6,26,32
Orange,Harriman Vg PD,2007,7,2,9,0,0,0,7,2,9
Orange,Harriman Vg PD,2008,7,3,10,0,0,0,7,3,10
Orange,Harriman Vg PD,2009,7,2,9,0,0,0,7,2,9
Orange,Harriman Vg PD,2010,7,3,10,0,0,0,7,3,10
Orange,Harriman Vg PD,2011,7,3,10,0,0,0,7,3,10
Orange,Harriman Vg PD,2012,7,3,10,0,0,0,7,3,10
Orange,Harriman Vg PD,2013,7,3,10,0,0,0,7,3,10
Orange,Harriman Vg PD,2014,7,4,11,0,0,0,7,4,11
Orange,Harriman Vg PD,2015,7,4,11,0,0,0,7,4,11
Orange,Harriman Vg PD,2016,7,4,11,0,0,0,7,4,11
Orange,Harriman Vg PD,2017,6,4,10,0,0,0,6,4,10
Orange,Harriman Vg PD,2018,7,4,11,0,0,0,7,4,11
Orange,Harriman Vg PD,2019,7,5,12,0,0,0,7,5,12
Orange,Harriman Vg PD,2020,7,4,11,0,0,0,7,4,11
Orange,Harriman Vg PD,2021,7,4,11,0,0,0,7,4,11
Orange,Harriman Vg PD,2022,7,3,10,0,0,0,7,3,10
Orange,Harriman Vg PD,2023,9,3,12,0,0,0,9,3,12
Orange,Highland Falls Vg PD,2007,11,8,19,4,5,9,15,13,28
Orange,Highland Falls Vg PD,2008,10,7,17,4,5,9,14,12,26
Orange,Highland Falls Vg PD,2009,9,7,16,4,4,8,13,11,24
Orange,Highland Falls Vg PD,2010,8,10,18,3,4,7,11,14,25
Orange,Highland Falls Vg PD,2011,10,9,19,3,7,10,13,16,29
Orange,Highland Falls Vg PD,2012,9,11,20,3,4,7,12,15,27
Orange,Highland Falls Vg PD,2013,9,10,19,3,6,9,12,16,28
Orange,Highland Falls Vg PD,2014,9,11,20,3,6,9,12,17,29
Orange,Highland Falls Vg PD,2015,9,14,23,3,6,9,12,20,32
Orange,Highland Falls Vg PD,2016,7,15,22,2,7,9,9,22,31
Orange,Highland Falls Vg PD,2017,8,14,22,2,7,9,10,21,31
Orange,Highland Falls Vg PD,2018,6,15,21,3,6,9,9,21,30
Orange,Highland Falls Vg PD,2019,7,13,20,3,7,10,10,20,30
Orange,Highland Falls Vg PD,2022,6,6,12,3,4,7,9,10,19
Orange,Highland Falls Vg PD,2023,7,6,13,3,5,8,10,11,21
Orange,Highlands Town PD,2008,0,16,16,0,4,4,0,20,20
Orange,Highlands Town PD,2010,0,19,19,0,3,3,0,22,22
Orange,Highlands Town PD,2011,0,19,19,0,2,2,0,21,21
Orange,Highlands Town PD,2012,0,22,22,0,2,2,0,24,24
Orange,Highlands Town PD,2013,0,24,24,0,2,2,0,26,26
Orange,Highlands Town PD,2014,0,21,21,0,3,3,0,24,24
Orange,Highlands Town PD,2015,0,18,18,0,2,2,0,20,20
Orange,Highlands Town PD,2016,0,22,22,0,3,3,0,25,25
Orange,Highlands Town PD,2021,0,25,25,0,2,2,0,27,27
Orange,Highlands Town PD,2022,0,18,18,0,2,2,0,20,20
Orange,Highlands Town PD,2023,0,16,16,0,2,2,0,18,18
Orange,Maybrook Vg PD,2007,2,13,15,0,0,0,2,13,15
Orange,Maybrook Vg PD,2008,3,12,15,0,0,0,3,12,15
Orange,Maybrook Vg PD,2009,3,9,12,0,0,0,3,9,12
Orange,Maybrook Vg PD,2010,3,9,12,0,0,0,3,9,12
Orange,Maybrook Vg PD,2011,3,10,13,0,0,0,3,10,13
Orange,Maybrook Vg PD,2012,3,10,13,0,0,0,3,10,13
Orange,Maybrook Vg PD,2013,4,8,12,0,0,0,4,8,12
Orange,Maybrook Vg PD,2014,4,8,12,0,0,0,4,8,12
Orange,Maybrook Vg PD,2015,4,9,13,0,0,0,4,9,13
Orange,Maybrook Vg PD,2016,4,11,15,0,0,0,4,11,15
Orange,Maybrook Vg PD,2017,4,12,16,0,0,0,4,12,16
Orange,Maybrook Vg PD,2018,4,10,14,0,0,0,4,10,14
Orange,Maybrook Vg PD,2019,3,10,13,0,0,0,3,10,13
Orange,Maybrook Vg PD,2020,3,10,13,0,0,0,3,10,13
Orange,Maybrook Vg PD,2022,4,8,12,0,0,0,4,8,12
Orange,Maybrook Vg PD,2023,5,9,14,0,0,0,5,9,14
Orange,Middletown City PD,2007,75,0,75,14,1,15,89,1,90
Orange,Middletown City PD,2008,75,0,75,13,1,14,88,1,89
Orange,Middletown City PD,2009,76,0,76,14,1,15,90,1,91
Orange,Middletown City PD,2010,68,0,68,12,1,13,80,1,81
Orange,Middletown City PD,2011,69,0,69,14,1,15,83,1,84
Orange,Middletown City PD,2012,69,0,69,14,2,16,83,2,85
Orange,Middletown City PD,2013,67,0,67,13,2,15,80,2,82
Orange,Middletown City PD,2014,61,0,61,14,0,14,75,0,75
Orange,Middletown City PD,2015,63,0,63,13,2,15,76,2,78
Orange,Middletown City PD,2016,64,0,64,11,2,13,75,2,77
Orange,Middletown City PD,2017,65,1,66,13,3,16,78,4,82
Orange,Middletown City PD,2018,69,3,72,13,4,17,82,7,89
Orange,Middletown City PD,2019,68,2,70,13,3,16,81,5,86
Orange,Middletown City PD,2020,68,2,70,11,4,15,79,6,85
Orange,Middletown City PD,2021,64,2,66,13,5,18,77,7,84
Orange,Middletown City PD,2022,71,1,72,9,5,14,80,6,86
Orange,Middletown City PD,2023,71,0,71,10,7,17,81,7,88
Orange,Monroe Vg PD,2007,18,0,18,5,1,6,23,1,24
Orange,Monroe Vg PD,2009,18,0,18,5,2,7,23,2,25
Orange,Monroe Vg PD,2010,18,0,18,5,4,9,23,4,27
Orange,Monroe Vg PD,2011,18,0,18,4,4,8,22,4,26
Orange,Monroe Vg PD,2012,17,0,17,4,3,7,21,3,24
Orange,Monroe Vg PD,2013,18,0,18,4,4,8,22,4,26
Orange,Monroe Vg PD,2014,18,0,18,4,5,9,22,5,27
Orange,Monroe Vg PD,2015,18,0,18,4,5,9,22,5,27
Orange,Monroe Vg PD,2016,17,0,17,4,10,14,21,10,31
Orange,Monroe Vg PD,2017,18,0,18,4,9,13,22,9,31
Orange,Monroe Vg PD,2018,16,0,16,4,7,11,20,7,27
Orange,Monroe Vg PD,2019,19,3,22,4,6,10,23,9,32
Orange,Monroe Vg PD,2020,18,5,23,4,9,13,22,14,36
Orange,Monroe Vg PD,2021,17,5,22,5,10,15,22,15,37
Orange,Monroe Vg PD,2022,19,5,24,3,5,8,22,10,32
Orange,Monroe Vg PD,2023,20,4,24,3,3,6,23,7,30
Orange,Montgomery Town PD,2007,13,14,27,1,0,1,14,14,28
Orange,Montgomery Town PD,2008,14,18,32,1,3,4,15,21,36
Orange,Montgomery Town PD,2009,14,17,31,1,4,5,15,21,36
Orange,Montgomery Town PD,2010,14,19,33,2,4,6,16,23,39
Orange,Montgomery Town PD,2011,13,17,30,1,6,7,14,23,37
Orange,Montgomery Town PD,2012,13,22,35,2,8,10,15,30,45
Orange,Montgomery Town PD,2013,13,25,38,2,5,7,15,30,45
Orange,Montgomery Town PD,2014,13,23,36,2,4,6,15,27,42
Orange,Montgomery Town PD,2016,12,22,34,2,8,10,14,30,44
Orange,Montgomery Town PD,2017,12,17,29,1,4,5,13,21,34
Orange,Montgomery Town PD,2018,13,24,37,2,8,10,15,32,47
Orange,Montgomery Town PD,2019,13,24,37,4,8,12,17,32,49
Orange,Montgomery Town PD,2020,11,23,34,3,7,10,14,30,44
Orange,Montgomery Town PD,2021,13,25,38,3,5,8,16,30,46
Orange,Montgomery Town PD,2022,13,31,44,3,6,9,16,37,53
Orange,Montgomery Town PD,2023,17,31,48,3,6,9,20,37,57
Orange,Montgomery Vg PD,2007,0,28,28,0,1,1,0,29,29
Orange,Montgomery Vg PD,2008,0,29,29,0,1,1,0,30,30
Orange,Montgomery Vg PD,2009,0,31,31,0,1,1,0,32,32
Orange,Montgomery Vg PD,2010,0,34,34,0,1,1,0,35,35
Orange,Montgomery Vg PD,2011,0,35,35,0,1,1,0,36,36
Orange,Montgomery Vg PD,2012,0,28,28,0,1,1,0,29,29
Orange,Montgomery Vg PD,2013,4,27,31,0,2,2,4,29,33
Orange,Montgomery Vg PD,2014,7,3,10,0,2,2,7,5,12
Orange,Montgomery Vg PD,2015,4,9,13,0,2,2,4,11,15
Orange,Montgomery Vg PD,2016,4,12,16,0,2,2,4,14,18
Orange,Montgomery Vg PD,2017,4,12,16,0,2,2,4,14,18
Orange,Montgomery Vg PD,2018,4,13,17,0,2,2,4,15,19
Orange,Montgomery Vg PD,2019,4,15,19,0,2,2,4,17,21
Orange,Montgomery Vg PD,2020,4,15,19,0,2,2,4,17,21
Orange,Montgomery Vg PD,2021,4,14,18,0,2,2,4,16,20
Orange,Montgomery Vg PD,2022,3,17,20,0,2,2,3,19,22
Orange,Montgomery Vg PD,2023,5,12,17,0,2,2,5,14,19
Orange,Mount Hope Town PD,2007,0,22,22,0,1,1,0,23,23
Orange,Mount Hope Town PD,2008,0,22,22,0,1,1,0,23,23
Orange,Mount Hope Town PD,2010,2,19,21,0,1,1,2,20,22
Orange,Mount Hope Town PD,2011,4,18,22,0,1,1,4,19,23
Orange,Mount Hope Town PD,2012,4,13,17,0,2,2,4,15,19
Orange,Mount Hope Town PD,2013,4,18,22,0,2,2,4,20,24
Orange,Mount Hope Town PD,2014,4,19,23,0,2,2,4,21,25
Orange,Mount Hope Town PD,2015,4,16,20,0,2,2,4,18,22
Orange,Mount Hope Town PD,2016,4,17,21,0,2,2,4,19,23
Orange,Mount Hope Town PD,2017,3,20,23,0,2,2,3,22,25
Orange,Mount Hope Town PD,2018,3,22,25,0,2,2,3,24,27
Orange,Mount Hope Town PD,2021,6,15,21,0,2,2,6,17,23
Orange,Mount Hope Town PD,2022,4,10,14,0,1,1,4,11,15
Orange,Mount Hope Town PD,2023,2,14,16,0,1,1,2,15,17
Orange,New Windsor Town PD,2007,46,0,46,12,10,22,58,10,68
Orange,New Windsor Town PD,2008,45,0,45,12,6,18,57,6,63
Orange,New Windsor Town PD,2009,44,0,44,11,9,20,55,9,64
Orange,New Windsor Town PD,2010,43,0,43,10,10,20,53,10,63
Orange,New Windsor Town PD,2011,40,0,40,9,8,17,49,8,57
Orange,New Windsor Town PD,2012,40,0,40,9,9,18,49,9,58
Orange,New Windsor Town PD,2013,40,0,40,9,9,18,49,9,58
Orange,New Windsor Town PD,2014,40,0,40,9,9,18,49,9,58
Orange,New Windsor Town PD,2015,37,0,37,11,7,18,48,7,55
Orange,New Windsor Town PD,2016,38,0,38,10,7,17,48,7,55
Orange,New Windsor Town PD,2017,40,0,40,11,11,22,51,11,62
Orange,New Windsor Town PD,2018,44,0,44,11,7,18,55,7,62
Orange,New Windsor Town PD,2019,50,0,50,12,9,21,62,9,71
Orange,New Windsor Town PD,2020,50,0,50,12,8,20,62,8,70
Orange,New Windsor Town PD,2021,47,0,47,11,7,18,58,7,65
Orange,New Windsor Town PD,2022,43,0,43,12,7,19,55,7,62
Orange,New Windsor Town PD,2023,42,0,42,14,4,18,56,4,60
Orange,Newburgh City PD,2007,95,0,95,13,10,23,108,10,118
Orange,Newburgh City PD,2008,91,0,91,15,4,19,106,4,110
Orange,Newburgh City PD,2009,89,0,89,15,4,19,104,4,108
Orange,Newburgh City PD,2010,79,0,79,12,1,13,91,1,92
Orange,Newburgh City PD,2011,76,0,76,12,1,13,88,1,89
Orange,Newburgh City PD,2012,73,0,73,10,18,28,83,18,101
Orange,Newburgh City PD,2013,74,0,74,11,18,29,85,18,103
Orange,Newburgh City PD,2014,80,0,80,8,17,25,88,17,105
Orange,Newburgh City PD,2015,80,0,80,13,20,33,93,20,113
Orange,Newburgh City PD,2016,86,0,86,13,3,16,99,3,102
Orange,Newburgh City PD,2017,80,0,80,12,21,33,92,21,113
Orange,Newburgh City PD,2018,82,0,82,12,19,31,94,19,113
Orange,Newburgh City PD,2019,80,0,80,12,15,27,92,15,107
Orange,Newburgh City PD,2020,62,0,62,12,15,27,74,15,89
Orange,Newburgh City PD,2021,63,0,63,12,13,25,75,13,88
Orange,Newburgh City PD,2022,60,0,60,14,21,35,74,21,95
Orange,Newburgh City PD,2023,62,0,62,16,21,37,78,21,99
Orange,Newburgh Town PD,2007,59,8,67,13,7,20,72,15,87
Orange,Newburgh Town PD,2008,59,8,67,13,7,20,72,15,87
Orange,Newburgh Town PD,2009,56,0,56,12,16,28,68,16,84
Orange,Newburgh Town PD,2010,52,0,52,9,16,25,61,16,77
Orange,Newburgh Town PD,2011,48,0,48,10,14,24,58,14,72
Orange,Newburgh Town PD,2012,46,0,46,10,22,32,56,22,78
Orange,Newburgh Town PD,2013,46,7,53,10,19,29,56,26,82
Orange,Newburgh Town PD,2014,46,11,57,10,19,29,56,30,86
Orange,Newburgh Town PD,2015,43,10,53,10,19,29,53,29,82
Orange,Newburgh Town PD,2016,46,11,57,10,17,27,56,28,84
Orange,Newburgh Town PD,2017,49,12,61,10,16,26,59,28,87
Orange,Newburgh Town PD,2018,46,10,56,11,14,25,57,24,81
Orange,Newburgh Town PD,2019,35,10,45,11,14,25,46,24,70
Orange,Newburgh Town PD,2020,45,9,54,11,14,25,56,23,79
Orange,Newburgh Town PD,2021,48,7,55,12,10,22,60,17,77
Orange,Newburgh Town PD,2022,49,7,56,10,14,24,59,21,80
Orange,Newburgh Town PD,2023,50,6,56,12,15,27,62,21,83
Orange,Orange County Sheriff,2007,93,27,120,12,1,13,105,28,133
Orange,Orange County Sheriff,2008,99,30,129,12,0,12,111,30,141
Orange,Orange County Sheriff,2009,101,43,144,12,1,13,113,44,157
Orange,Orange County Sheriff,2010,101,55,156,12,0,12,113,55,168
Orange,Orange County Sheriff,2011,83,61,144,11,0,11,94,61,155
Orange,Orange County Sheriff,2012,98,57,155,12,0,12,110,57,167
Orange,Orange County Sheriff,2013,96,50,146,11,0,11,107,50,157
Orange,Orange County Sheriff,2014,89,35,124,11,1,12,100,36,136
Orange,Orange County Sheriff,2015,92,33,125,11,0,11,103,33,136
Orange,Orange County Sheriff,2016,83,31,114,10,0,10,93,31,124
Orange,Orange County Sheriff,2023,83,98,181,12,0,12,95,98,193
Orange,Port Jervis City PD,2007,32,0,32,1,7,8,33,7,40
Orange,Port Jervis City PD,2008,32,0,32,1,9,10,33,9,42
Orange,Port Jervis City PD,2009,32,0,32,1,8,9,33,8,41
Orange,Port Jervis City PD,2010,32,0,32,1,8,9,33,8,41
Orange,Port Jervis City PD,2011,30,0,30,1,6,7,31,6,37
Orange,Port Jervis City PD,2012,30,0,30,1,8,9,31,8,39
Orange,Port Jervis City PD,2013,31,0,31,1,16,17,32,16,48
Orange,Port Jervis City PD,2014,31,0,31,1,15,16,32,15,47
Orange,Port Jervis City PD,2015,30,1,31,1,16,17,31,17,48
Orange,Port Jervis City PD,2016,30,1,31,1,20,21,31,21,52
Orange,Port Jervis City PD,2017,32,1,33,1,20,21,33,21,54
Orange,Port Jervis City PD,2018,31,6,37,1,16,17,32,22,54
Orange,Port Jervis City PD,2019,31,8,39,1,18,19,32,26,58
Orange,Port Jervis City PD,2020,30,8,38,1,15,16,31,23,54
Orange,Port Jervis City PD,2022,32,8,40,1,16,17,33,24,57
Orange,Port Jervis City PD,2023,32,8,40,1,17,18,33,25,58
Orange,Tuxedo Park Vg PD,2007,2,9,11,3,6,9,5,15,20
Orange,Tuxedo Park Vg PD,2008,3,9,12,3,6,9,6,15,21
Orange,Tuxedo Park Vg PD,2009,3,9,12,3,5,8,6,14,20
Orange,Tuxedo Park Vg PD,2010,2,9,11,3,4,7,5,13,18
Orange,Tuxedo Park Vg PD,2016,4,14,18,1,0,1,5,14,19
Orange,Tuxedo Park Vg PD,2017,3,20,23,0,1,1,3,21,24
Orange,Tuxedo Park Vg PD,2018,3,20,23,0,1,1,3,21,24
Orange,Tuxedo Park Vg PD,2019,3,16,19,1,0,1,4,16,20
Orange,Tuxedo Park Vg PD,2020,3,22,25,1,0,1,4,22,26
Orange,Tuxedo Park Vg PD,2021,3,19,22,1,0,1,4,19,23
Orange,Tuxedo Park Vg PD,2022,3,16,19,1,0,1,4,16,20
Orange,Tuxedo Park Vg PD,2023,3,17,20,1,0,1,4,17,21
Orange,Tuxedo Town PD,2007,12,0,12,3,8,11,15,8,23
Orange,Tuxedo Town PD,2008,12,0,12,3,8,11,15,8,23
Orange,Tuxedo Town PD,2009,12,0,12,3,9,12,15,9,24
Orange,Tuxedo Town PD,2010,12,0,12,3,9,12,15,9,24
Orange,Tuxedo Town PD,2011,12,0,12,3,10,13,15,10,25
Orange,Tuxedo Town PD,2012,12,0,12,3,10,13,15,10,25
Orange,Tuxedo Town PD,2013,12,0,12,3,10,13,15,10,25
Orange,Tuxedo Town PD,2014,13,0,13,3,8,11,16,8,24
Orange,Tuxedo Town PD,2015,12,0,12,3,8,11,15,8,23
Orange,Tuxedo Town PD,2018,7,6,13,0,0,0,7,6,13
Orange,Tuxedo Town PD,2020,6,6,12,0,0,0,6,6,12
Orange,Tuxedo Town PD,2022,7,5,12,0,0,0,7,5,12
Orange,Tuxedo Town PD,2023,9,6,15,0,0,0,9,6,15
Orange,Walden Vg PD,2007,13,14,27,3,19,22,16,33,49
Orange,Walden Vg PD,2008,12,13,25,3,20,23,15,33,48
Orange,Walden Vg PD,2009,14,13,27,3,15,18,17,28,45
Orange,Walden Vg PD,2010,14,11,25,3,21,24,17,32,49
Orange,Walden Vg PD,2011,14,14,28,3,21,24,17,35,52
Orange,Walden Vg PD,2012,14,14,28,3,24,27,17,38,55
Orange,Walden Vg PD,2013,14,18,32,3,18,21,17,36,53
Orange,Walden Vg PD,2014,14,14,28,3,13,16,17,27,44
Orange,Walden Vg PD,2015,14,13,27,3,16,19,17,29,46
Orange,Walden Vg PD,2016,13,10,23,3,13,16,16,23,39
Orange,Walden Vg PD,2017,11,12,23,3,15,18,14,27,41
Orange,Walden Vg PD,2018,12,12,24,3,13,16,15,25,40
Orange,Walden Vg PD,2019,13,11,24,3,8,11,16,19,35
Orange,Walden Vg PD,2020,12,13,25,3,15,18,15,28,43
Orange,Walden Vg PD,2021,12,12,24,3,15,18,15,27,42
Orange,Walden Vg PD,2022,12,14,26,3,12,15,15,26,41
Orange,Walden Vg PD,2023,9,9,18,3,14,17,12,23,35
Orange,Wallkill Town PD,2007,41,1,42,7,4,11,48,5,53
Orange,Wallkill Town PD,2008,42,1,43,6,4,10,48,5,53
Orange,Wallkill Town PD,2009,40,1,41,7,7,14,47,8,55
Orange,Wallkill Town PD,2010,37,1,38,5,0,5,42,1,43
Orange,Wallkill Town PD,2011,35,1,36,5,7,12,40,8,48
Orange,Wallkill Town PD,2012,30,7,37,0,17,17,30,24,54
Orange,Wallkill Town PD,2013,31,12,43,1,14,15,32,26,58
Orange,Wallkill Town PD,2014,30,20,50,1,30,31,31,50,81
Orange,Wallkill Town PD,2015,35,16,51,1,31,32,36,47,83
Orange,Wallkill Town PD,2016,39,18,57,1,50,51,40,68,108
Orange,Wallkill Town PD,2017,39,17,56,1,49,50,40,66,106
Orange,Wallkill Town PD,2018,44,16,60,1,62,63,45,78,123
Orange,Wallkill Town PD,2019,49,23,72,1,57,58,50,80,130
Orange,Wallkill Town PD,2020,45,19,64,2,47,49,47,66,113
Orange,Wallkill Town PD,2021,49,18,67,2,46,48,51,64,115
Orange,Wallkill Town PD,2022,50,13,63,2,38,40,52,51,103
Orange,Warwick Town PD,2008,35,5,40,7,9,16,42,14,56
Orange,Warwick Town PD,2009,31,6,37,7,8,15,38,14,52
Orange,Warwick Town PD,2010,31,6,37,7,10,17,38,16,54
Orange,Warwick Town PD,2011,32,7,39,5,11,16,37,18,55
Orange,Warwick Town PD,2012,31,7,38,5,12,17,36,19,55
Orange,Warwick Town PD,2013,32,8,40,5,9,14,37,17,54
Orange,Warwick Town PD,2014,31,12,43,5,11,16,36,23,59
Orange,Warwick Town PD,2015,32,11,43,5,10,15,37,21,58
Orange,Warwick Town PD,2016,31,12,43,5,12,17,36,24,60
Orange,Warwick Town PD,2017,31,11,42,5,12,17,36,23,59
Orange,Warwick Town PD,2018,33,10,43,5,11,16,38,21,59
Orange,Warwick Town PD,2019,33,9,42,5,13,18,38,22,60
Orange,Warwick Town PD,2020,30,10,40,5,13,18,35,23,58
Orange,Warwick Town PD,2021,31,14,45,5,10,15,36,24,60
Orange,Warwick Town PD,2023,36,13,49,4,11,15,40,24,64
Orange,Washingtonville Vg PD,2007,16,2,18,2,1,3,18,3,21
Orange,Washingtonville Vg PD,2008,16,2,18,2,1,3,18,3,21
Orange,Washingtonville Vg PD,2009,13,2,15,2,1,3,15,3,18
Orange,Washingtonville Vg PD,2010,13,3,16,2,3,5,15,6,21
Orange,Washingtonville Vg PD,2011,13,2,15,2,1,3,15,3,18
Orange,Washingtonville Vg PD,2012,13,5,18,2,1,3,15,6,21
Orange,Washingtonville Vg PD,2013,13,5,18,2,1,3,15,6,21
Orange,Washingtonville Vg PD,2014,13,6,19,2,3,5,15,9,24
Orange,Washingtonville Vg PD,2015,13,5,18,2,1,3,15,6,21
Orange,Washingtonville Vg PD,2016,14,5,19,2,1,3,16,6,22
Orange,Washingtonville Vg PD,2017,12,4,16,2,1,3,14,5,19
Orange,Washingtonville Vg PD,2018,17,7,24,0,1,1,17,8,25
Orange,Washingtonville Vg PD,2019,15,6,21,2,1,3,17,7,24
Orange,Washingtonville Vg PD,2020,15,6,21,1,1,2,16,7,23
Orange,Washingtonville Vg PD,2021,13,6,19,2,1,3,15,7,22
Orange,Washingtonville Vg PD,2022,14,7,21,2,1,3,16,8,24
Orange,Washingtonville Vg PD,2023,12,8,20,2,1,3,14,9,23
Orange,Woodbury Town PD,2007,22,1,23,4,8,12,26,9,35
Orange,Woodbury Town PD,2008,22,1,23,4,7,11,26,8,34
Orange,Woodbury Town PD,2009,22,1,23,5,4,9,27,5,32
Orange,Woodbury Town PD,2010,21,1,22,5,6,11,26,7,33
Orange,Woodbury Town PD,2011,21,1,22,5,6,11,26,7,33
Orange,Woodbury Town PD,2012,19,1,20,5,7,12,24,8,32
Orange,Woodbury Town PD,2013,19,1,20,4,7,11,23,8,31
Orange,Woodbury Town PD,2014,21,1,22,4,7,11,25,8,33
Orange,Woodbury Town PD,2015,18,3,21,4,7,11,22,10,32
Orange,Woodbury Town PD,2016,16,3,19,4,6,10,20,9,29
Orange,Woodbury Town PD,2017,19,2,21,4,6,10,23,8,31
Orange,Woodbury Town PD,2018,22,2,24,4,6,10,26,8,34
Orange,Woodbury Town PD,2019,21,7,28,4,6,10,25,13,38
Orange,Woodbury Town PD,2020,20,8,28,5,7,12,25,15,40
Orange,Woodbury Town PD,2021,17,9,26,4,5,9,21,14,35
Orange,Woodbury Town PD,2022,20,10,30,4,7,11,24,17,41
Orange,Woodbury Town PD,2023,21,12,33,4,6,10,25,18,43
Orleans,Albion Vg PD,2008,11,2,13,0,0,0,11,2,13
Orleans,Albion Vg PD,2009,12,1,13,0,0,0,12,1,13
Orleans,Albion Vg PD,2010,12,1,13,0,0,0,12,1,13
Orleans,Albion Vg PD,2011,11,1,12,0,0,0,11,1,12
Orleans,Albion Vg PD,2013,12,1,13,0,1,1,12,2,14
Orleans,Albion Vg PD,2014,13,1,14,0,1,1,13,2,15
Orleans,Albion Vg PD,2015,11,0,11,0,1,1,11,1,12
Orleans,Albion Vg PD,2016,11,1,12,0,2,2,11,3,14
Orleans,Albion Vg PD,2017,12,1,13,1,0,1,13,1,14
Orleans,Albion Vg PD,2018,12,2,14,1,0,1,13,2,15
Orleans,Albion Vg PD,2019,13,0,13,0,2,2,13,2,15
Orleans,Albion Vg PD,2020,12,0,12,1,0,1,13,0,13
Orleans,Albion Vg PD,2021,12,2,14,0,0,0,12,2,14
Orleans,Albion Vg PD,2022,13,0,13,1,1,2,14,1,15
Orleans,Albion Vg PD,2023,12,0,12,1,1,2,13,1,14
Orleans,Holley Vg PD,2008,2,8,10,0,0,0,2,8,10
Orleans,Holley Vg PD,2010,2,10,12,0,0,0,2,10,12
Orleans,Holley Vg PD,2011,2,8,10,0,0,0,2,8,10
Orleans,Holley Vg PD,2014,1,10,11,0,1,1,1,11,12
Orleans,Holley Vg PD,2015,0,8,8,0,1,1,0,9,9
Orleans,Holley Vg PD,2016,2,9,11,0,1,1,2,10,12
Orleans,Holley Vg PD,2017,2,8,10,0,1,1,2,9,11
Orleans,Holley Vg PD,2018,1,8,9,0,1,1,1,9,10
Orleans,Holley Vg PD,2019,0,14,14,0,0,0,0,14,14
Orleans,Holley Vg PD,2020,1,12,13,0,1,1,1,13,14
Orleans,Holley Vg PD,2022,2,9,11,0,1,1,2,10,12
Orleans,Holley Vg PD,2023,2,10,12,0,1,1,2,11,13
Orleans,Medina Vg PD,2007,10,0,10,1,1,2,11,1,12
Orleans,Medina Vg PD,2008,10,1,11,1,1,2,11,2,13
Orleans,Medina Vg PD,2009,11,2,13,1,1,2,12,3,15
Orleans,Medina Vg PD,2010,11,2,13,1,1,2,12,3,15
Orleans,Medina Vg PD,2011,11,1,12,1,1,2,12,2,14
Orleans,Medina Vg PD,2012,11,1,12,1,0,1,12,1,13
Orleans,Medina Vg PD,2013,11,1,12,1,0,1,12,1,13
Orleans,Medina Vg PD,2014,11,1,12,1,0,1,12,1,13
Orleans,Medina Vg PD,2015,8,2,10,1,0,1,9,2,11
Orleans,Medina Vg PD,2016,11,1,12,1,1,2,12,2,14
Orleans,Medina Vg PD,2017,11,1,12,1,1,2,12,2,14
Orleans,Medina Vg PD,2018,12,1,13,1,1,2,13,2,15
Orleans,Medina Vg PD,2019,12,1,13,1,1,2,13,2,15
Orleans,Medina Vg PD,2020,12,1,13,1,0,1,13,1,14
Orleans,Medina Vg PD,2021,12,1,13,1,0,1,13,1,14
Orleans,Medina Vg PD,2022,13,1,14,1,0,1,14,1,15
Orleans,Medina Vg PD,2023,13,0,13,1,0,1,14,0,14
Orleans,Orleans County Sheriff,2007,27,9,36,14,3,17,41,12,53
Orleans,Orleans County Sheriff,2008,26,10,36,0,0,0,26,10,36
Orleans,Orleans County Sheriff,2009,26,10,36,3,0,3,29,10,39
Orleans,Orleans County Sheriff,2010,25,7,32,16,15,31,41,22,63
Orleans,Orleans County Sheriff,2011,26,8,34,14,9,23,40,17,57
Orleans,Orleans County Sheriff,2013,27,9,36,13,11,24,40,20,60
Orleans,Orleans County Sheriff,2014,24,9,33,10,10,20,34,19,53
Orleans,Orleans County Sheriff,2015,22,9,31,10,11,21,32,20,52
Orleans,Orleans County Sheriff,2016,26,10,36,13,4,17,39,14,53
Orleans,Orleans County Sheriff,2018,26,9,35,0,3,3,26,12,38
Orleans,Orleans County Sheriff,2019,27,11,38,14,7,21,41,18,59
Orleans,Orleans County Sheriff,2020,26,12,38,13,1,14,39,13,52
Orleans,Orleans County Sheriff,2021,26,13,39,14,4,18,40,17,57
Orleans,Orleans County Sheriff,2022,26,15,41,15,3,18,41,18,59
Orleans,Orleans County Sheriff,2023,28,13,41,14,4,18,42,17,59
Oswego,Central Square Vg PD,2007,0,9,9,0,0,0,0,9,9
Oswego,Central Square Vg PD,2008,0,16,16,0,0,0,0,16,16
Oswego,Central Square Vg PD,2009,0,14,14,0,0,0,0,14,14
Oswego,Central Square Vg PD,2010,0,10,10,0,0,0,0,10,10
Oswego,Central Square Vg PD,2011,0,12,12,0,0,0,0,12,12
Oswego,Central Square Vg PD,2012,0,11,11,0,0,0,0,11,11
Oswego,Central Square Vg PD,2013,0,10,10,0,0,0,0,10,10
Oswego,Central Square Vg PD,2014,0,10,10,0,0,0,0,10,10
Oswego,Central Square Vg PD,2015,0,11,11,0,0,0,0,11,11
Oswego,Central Square Vg PD,2016,0,10,10,0,0,0,0,10,10
Oswego,Central Square Vg PD,2017,0,8,8,0,0,0,0,8,8
Oswego,Central Square Vg PD,2018,3,9,12,0,0,0,3,9,12
Oswego,Central Square Vg PD,2019,0,13,13,0,0,0,0,13,13
Oswego,Central Square Vg PD,2020,4,10,14,0,0,0,4,10,14
Oswego,Central Square Vg PD,2021,6,10,16,0,0,0,6,10,16
Oswego,Central Square Vg PD,2022,6,11,17,0,0,0,6,11,17
Oswego,Central Square Vg PD,2023,6,11,17,0,0,0,6,11,17
Oswego,Fulton City PD,2007,35,0,35,2,0,2,37,0,37
Oswego,Fulton City PD,2008,35,0,35,2,0,2,37,0,37
Oswego,Fulton City PD,2009,35,0,35,2,0,2,37,0,37
Oswego,Fulton City PD,2010,35,0,35,2,0,2,37,0,37
Oswego,Fulton City PD,2011,34,0,34,2,0,2,36,0,36
Oswego,Fulton City PD,2012,33,0,33,2,0,2,35,0,35
Oswego,Fulton City PD,2013,35,0,35,2,0,2,37,0,37
Oswego,Fulton City PD,2014,33,0,33,2,0,2,35,0,35
Oswego,Fulton City PD,2015,35,0,35,1,2,3,36,2,38
Oswego,Fulton City PD,2016,33,0,33,1,1,2,34,1,35
Oswego,Fulton City PD,2017,33,0,33,1,1,2,34,1,35
Oswego,Fulton City PD,2018,32,0,32,1,3,4,33,3,36
Oswego,Fulton City PD,2019,35,0,35,1,3,4,36,3,39
Oswego,Fulton City PD,2020,35,0,35,1,0,1,36,0,36
Oswego,Fulton City PD,2021,36,0,36,1,0,1,37,0,37
Oswego,Fulton City PD,2022,34,0,34,1,0,1,35,0,35
Oswego,Fulton City PD,2023,28,5,33,0,0,0,28,5,33
Oswego,Oswego City PD,2007,49,0,49,8,0,8,57,0,57
Oswego,Oswego City PD,2008,44,0,44,8,0,8,52,0,52
Oswego,Oswego City PD,2009,47,0,47,8,0,8,55,0,55
Oswego,Oswego City PD,2010,45,0,45,8,0,8,53,0,53
Oswego,Oswego City PD,2011,43,0,43,5,0,5,48,0,48
Oswego,Oswego City PD,2012,41,0,41,5,0,5,46,0,46
Oswego,Oswego City PD,2013,50,0,50,5,0,5,55,0,55
Oswego,Oswego City PD,2014,46,0,46,0,0,0,46,0,46
Oswego,Oswego City PD,2015,49,0,49,9,0,9,58,0,58
Oswego,Oswego City PD,2016,47,0,47,6,0,6,53,0,53
Oswego,Oswego City PD,2017,47,0,47,6,0,6,53,0,53
Oswego,Oswego City PD,2018,46,0,46,6,0,6,52,0,52
Oswego,Oswego City PD,2019,46,0,46,7,0,7,53,0,53
Oswego,Oswego City PD,2020,47,0,47,7,0,7,54,0,54
Oswego,Oswego City PD,2021,44,0,44,6,1,7,50,1,51
Oswego,Oswego City PD,2023,49,3,52,7,0,7,56,3,59
Oswego,Oswego County Sheriff,2007,57,8,65,10,0,10,67,8,75
Oswego,Oswego County Sheriff,2008,56,23,79,18,1,19,74,24,98
Oswego,Oswego County Sheriff,2009,57,22,79,15,1,16,72,23,95
Oswego,Oswego County Sheriff,2010,68,21,89,15,1,16,83,22,105
Oswego,Oswego County Sheriff,2011,64,24,88,15,1,16,79,25,104
Oswego,Oswego County Sheriff,2012,66,24,90,16,1,17,82,25,107
Oswego,Oswego County Sheriff,2013,66,24,90,16,1,17,82,25,107
Oswego,Oswego County Sheriff,2014,64,25,89,16,1,17,80,26,106
Oswego,Oswego County Sheriff,2015,66,25,91,18,1,19,84,26,110
Oswego,Oswego County Sheriff,2016,68,27,95,17,2,19,85,29,114
Oswego,Oswego County Sheriff,2017,68,28,96,18,2,20,86,30,116
Oswego,Oswego County Sheriff,2018,68,28,96,18,2,20,86,30,116
Oswego,Oswego County Sheriff,2019,68,28,96,18,2,20,86,30,116
Oswego,Oswego County Sheriff,2020,64,34,98,8,9,17,72,43,115
Oswego,Oswego County Sheriff,2022,69,46,115,10,23,33,79,69,148
Oswego,Oswego County Sheriff,2023,74,45,119,9,16,25,83,61,144
Oswego,Phoenix Vg PD,2008,0,10,10,0,0,0,0,10,10
Oswego,Phoenix Vg PD,2009,0,10,10,0,1,1,0,11,11
Oswego,Phoenix Vg PD,2010,0,13,13,0,0,0,0,13,13
Oswego,Phoenix Vg PD,2013,0,12,12,0,0,0,0,12,12
Oswego,Phoenix Vg PD,2014,0,15,15,0,0,0,0,15,15
Oswego,Phoenix Vg PD,2015,0,17,17,0,0,0,0,17,17
Oswego,Phoenix Vg PD,2016,0,18,18,0,0,0,0,18,18
Oswego,Phoenix Vg PD,2017,0,17,17,0,0,0,0,17,17
Oswego,Phoenix Vg PD,2018,0,19,19,0,0,0,0,19,19
Oswego,Phoenix Vg PD,2019,0,22,22,0,0,0,0,22,22
Oswego,Phoenix Vg PD,2020,0,23,23,0,0,0,0,23,23
Oswego,Phoenix Vg PD,2021,0,20,20,0,0,0,0,20,20
Oswego,Phoenix Vg PD,2022,0,22,22,0,0,0,0,22,22
Oswego,Phoenix Vg PD,2023,0,21,21,0,0,0,0,21,21
Oswego,Pulaski Vg PD,2007,2,6,8,0,0,0,2,6,8
Oswego,Pulaski Vg PD,2008,1,10,11,0,0,0,1,10,11
Oswego,Pulaski Vg PD,2009,1,10,11,0,0,0,1,10,11
Oswego,Pulaski Vg PD,2010,1,10,11,0,0,0,1,10,11
Oswego,Pulaski Vg PD,2011,1,10,11,0,0,0,1,10,11
Oswego,Pulaski Vg PD,2012,1,9,10,0,0,0,1,9,10
Oswego,Pulaski Vg PD,2013,0,10,10,0,0,0,0,10,10
Oswego,Pulaski Vg PD,2014,0,10,10,0,0,0,0,10,10
Oswego,Pulaski Vg PD,2015,0,9,9,0,0,0,0,9,9
Oswego,Pulaski Vg PD,2016,1,10,11,0,0,0,1,10,11
Oswego,Pulaski Vg PD,2017,0,12,12,0,0,0,0,12,12
Oswego,Pulaski Vg PD,2018,0,10,10,0,0,0,0,10,10
Oswego,Pulaski Vg PD,2019,0,12,12,0,0,0,0,12,12
Oswego,Pulaski Vg PD,2020,0,12,12,0,0,0,0,12,12
Oswego,Pulaski Vg PD,2021,1,10,11,0,0,0,1,10,11
Oswego,Pulaski Vg PD,2022,1,7,8,0,0,0,1,7,8
Oswego,Pulaski Vg PD,2023,2,5,7,0,0,0,2,5,7
Oswego,SUNY Police - Oswego,2008,21,0,21,7,1,8,28,1,29
Oswego,SUNY Police - Oswego,2009,20,0,20,4,0,4,24,0,24
Oswego,SUNY Police - Oswego,2010,19,0,19,7,1,8,26,1,27
Oswego,SUNY Police - Oswego,2011,20,0,20,4,2,6,24,2,26
Oswego,SUNY Police - Oswego,2012,21,0,21,3,1,4,24,1,25
Oswego,SUNY Police - Oswego,2013,20,0,20,7,3,10,27,3,30
Oswego,SUNY Police - Oswego,2014,20,0,20,8,3,11,28,3,31
Oswego,SUNY Police - Oswego,2015,19,0,19,8,2,10,27,2,29
Oswego,SUNY Police - Oswego,2016,21,0,21,6,2,8,27,2,29
Oswego,SUNY Police - Oswego,2017,22,0,22,3,1,4,25,1,26
Oswego,SUNY Police - Oswego,2018,21,0,21,5,2,7,26,2,28
Oswego,SUNY Police - Oswego,2019,23,0,23,4,2,6,27,2,29
Oswego,SUNY Police - Oswego,2021,19,0,19,5,2,7,24,2,26
Oswego,SUNY Police - Oswego,2022,15,0,15,5,3,8,20,3,23
Oswego,SUNY Police - Oswego,2023,17,0,17,5,3,8,22,3,25
Otsego,Cooperstown Vg PD,2007,5,7,12,1,0,1,6,7,13
Otsego,Cooperstown Vg PD,2008,5,7,12,1,0,1,6,7,13
Otsego,Cooperstown Vg PD,2009,6,6,12,2,0,2,8,6,14
Otsego,Cooperstown Vg PD,2010,6,7,13,1,3,4,7,10,17
Otsego,Cooperstown Vg PD,2011,6,7,13,1,3,4,7,10,17
Otsego,Cooperstown Vg PD,2014,4,7,11,1,0,1,5,7,12
Otsego,Cooperstown Vg PD,2015,4,7,11,0,1,1,4,8,12
Otsego,Cooperstown Vg PD,2016,4,6,10,1,0,1,5,6,11
Otsego,Cooperstown Vg PD,2017,3,5,8,0,0,0,3,5,8
Otsego,Cooperstown Vg PD,2018,4,3,7,1,0,1,5,3,8
Otsego,Cooperstown Vg PD,2022,3,3,6,0,0,0,3,3,6
Otsego,Cooperstown Vg PD,2023,3,3,6,0,0,0,3,3,6
Otsego,Oneonta City PD,2007,25,0,25,4,1,5,29,1,30
Otsego,Oneonta City PD,2008,25,0,25,4,3,7,29,3,32
Otsego,Oneonta City PD,2009,26,0,26,4,3,7,30,3,33
Otsego,Oneonta City PD,2010,28,0,28,5,3,8,33,3,36
Otsego,Oneonta City PD,2011,27,0,27,5,2,7,32,2,34
Otsego,Oneonta City PD,2012,26,0,26,5,3,8,31,3,34
Otsego,Oneonta City PD,2013,25,0,25,5,2,7,30,2,32
Otsego,Oneonta City PD,2014,25,0,25,5,2,7,30,2,32
Otsego,Oneonta City PD,2015,24,0,24,4,2,6,28,2,30
Otsego,Oneonta City PD,2016,23,0,23,5,1,6,28,1,29
Otsego,Oneonta City PD,2017,24,0,24,6,2,8,30,2,32
Otsego,Oneonta City PD,2018,23,0,23,5,1,6,28,1,29
Otsego,Oneonta City PD,2019,22,0,22,5,1,6,27,1,28
Otsego,Oneonta City PD,2021,23,0,23,6,0,6,29,0,29
Otsego,Oneonta City PD,2022,22,0,22,6,0,6,28,0,28
Otsego,Oneonta City PD,2023,20,0,20,6,0,6,26,0,26
Otsego,Otsego County Sheriff,2007,20,3,23,5,11,16,25,14,39
Otsego,Otsego County Sheriff,2008,19,4,23,0,0,0,19,4,23
Otsego,Otsego County Sheriff,2009,17,4,21,3,0,3,20,4,24
Otsego,Otsego County Sheriff,2010,17,3,20,2,1,3,19,4,23
Otsego,Otsego County Sheriff,2011,16,1,17,2,1,3,18,2,20
Otsego,Otsego County Sheriff,2012,16,1,17,2,1,3,18,2,20
Otsego,Otsego County Sheriff,2013,16,2,18,2,1,3,18,3,21
Otsego,Otsego County Sheriff,2014,16,2,18,2,1,3,18,3,21
Otsego,Otsego County Sheriff,2015,17,1,18,2,0,2,19,1,20
Otsego,Otsego County Sheriff,2016,17,1,18,3,0,3,20,1,21
Otsego,Otsego County Sheriff,2017,17,2,19,2,0,2,19,2,21
Otsego,Otsego County Sheriff,2018,19,2,21,2,1,3,21,3,24
Otsego,Otsego County Sheriff,2019,20,2,22,2,1,3,22,3,25
Otsego,Otsego County Sheriff,2020,16,2,18,3,1,4,19,3,22
Otsego,Otsego County Sheriff,2021,16,2,18,2,1,3,18,3,21
Otsego,Otsego County Sheriff,2022,20,1,21,0,0,0,20,1,21
Otsego,Otsego County Sheriff,2023,23,1,24,0,0,0,23,1,24
Otsego,SUNY Police - Oneonta,2007,17,0,17,10,0,10,27,0,27
Otsego,SUNY Police - Oneonta,2008,17,0,17,10,0,10,27,0,27
Otsego,SUNY Police - Oneonta,2009,17,0,17,10,0,10,27,0,27
Otsego,SUNY Police - Oneonta,2010,17,0,17,10,0,10,27,0,27
Otsego,SUNY Police - Oneonta,2011,17,0,17,9,0,9,26,0,26
Otsego,SUNY Police - Oneonta,2012,17,0,17,10,0,10,27,0,27
Otsego,SUNY Police - Oneonta,2013,17,0,17,10,0,10,27,0,27
Otsego,SUNY Police - Oneonta,2014,16,0,16,10,0,10,26,0,26
Otsego,SUNY Police - Oneonta,2015,17,0,17,10,0,10,27,0,27
Otsego,SUNY Police - Oneonta,2016,17,0,17,9,0,9,26,0,26
Otsego,SUNY Police - Oneonta,2017,17,0,17,10,0,10,27,0,27
Otsego,SUNY Police - Oneonta,2018,16,0,16,9,0,9,25,0,25
Otsego,SUNY Police - Oneonta,2019,17,0,17,10,0,10,27,0,27
Otsego,SUNY Police - Oneonta,2020,14,0,14,9,0,9,23,0,23
Otsego,SUNY Police - Oneonta,2021,16,0,16,9,0,9,25,0,25
Otsego,SUNY Police - Oneonta,2022,16,0,16,10,0,10,26,0,26
Otsego,SUNY Police - Oneonta,2023,20,0,20,9,0,9,29,0,29
Putnam,Brewster Vg PD,2009,0,17,17,0,0,0,0,17,17
Putnam,Brewster Vg PD,2010,0,16,16,0,1,1,0,17,17
Putnam,Brewster Vg PD,2011,0,16,16,0,1,1,0,17,17
Putnam,Brewster Vg PD,2012,0,15,15,0,2,2,0,17,17
Putnam,Brewster Vg PD,2013,15,0,15,0,0,0,15,0,15
Putnam,Brewster Vg PD,2014,0,18,18,0,0,0,0,18,18
Putnam,Brewster Vg PD,2015,0,20,20,0,0,0,0,20,20
Putnam,Brewster Vg PD,2016,0,21,21,0,0,0,0,21,21
Putnam,Brewster Vg PD,2017,0,24,24,0,0,0,0,24,24
Putnam,Brewster Vg PD,2018,0,25,25,0,0,0,0,25,25
Putnam,Brewster Vg PD,2019,0,26,26,0,0,0,0,26,26
Putnam,Brewster Vg PD,2020,0,26,26,0,0,0,0,26,26
Putnam,Brewster Vg PD,2021,0,27,27,0,0,0,0,27,27
Putnam,Brewster Vg PD,2022,0,25,25,0,1,1,0,26,26
Putnam,Brewster Vg PD,2023,0,23,23,0,0,0,0,23,23
Putnam,Carmel Town PD,2007,35,0,35,6,0,6,41,0,41
Putnam,Carmel Town PD,2008,35,0,35,7,0,7,42,0,42
Putnam,Carmel Town PD,2009,35,0,35,7,4,11,42,4,46
Putnam,Carmel Town PD,2010,35,0,35,7,0,7,42,0,42
Putnam,Carmel Town PD,2011,35,0,35,6,1,7,41,1,42
Putnam,Carmel Town PD,2012,35,0,35,6,1,7,41,1,42
Putnam,Carmel Town PD,2013,33,0,33,5,2,7,38,2,40
Putnam,Carmel Town PD,2014,30,0,30,0,0,0,30,0,30
Putnam,Carmel Town PD,2015,29,0,29,6,0,6,35,0,35
Putnam,Carmel Town PD,2016,31,0,31,7,0,7,38,0,38
Putnam,Carmel Town PD,2017,31,0,31,7,0,7,38,0,38
Putnam,Carmel Town PD,2018,34,0,34,7,0,7,41,0,41
Putnam,Carmel Town PD,2019,32,0,32,7,0,7,39,0,39
Putnam,Carmel Town PD,2020,32,0,32,7,0,7,39,0,39
Putnam,Carmel Town PD,2022,32,0,32,7,0,7,39,0,39
Putnam,Carmel Town PD,2023,31,0,31,7,0,7,38,0,38
Putnam,Cold Spring Vg PD,2007,1,12,13,0,3,3,1,15,16
Putnam,Cold Spring Vg PD,2008,0,13,13,0,1,1,0,14,14
Putnam,Cold Spring Vg PD,2010,0,13,13,0,1,1,0,14,14
Putnam,Cold Spring Vg PD,2011,0,13,13,0,0,0,0,13,13
Putnam,Cold Spring Vg PD,2012,0,13,13,0,1,1,0,14,14
Putnam,Cold Spring Vg PD,2013,0,13,13,0,0,0,0,13,13
Putnam,Cold Spring Vg PD,2017,0,12,12,0,0,0,0,12,12
Putnam,Cold Spring Vg PD,2018,0,12,12,0,0,0,0,12,12
Putnam,Cold Spring Vg PD,2019,0,14,14,0,0,0,0,14,14
Putnam,Cold Spring Vg PD,2020,0,13,13,0,0,0,0,13,13
Putnam,Cold Spring Vg PD,2021,0,16,16,0,0,0,0,16,16
Putnam,Cold Spring Vg PD,2022,0,15,15,0,0,0,0,15,15
Putnam,Cold Spring Vg PD,2023,0,14,14,0,3,3,0,17,17
Putnam,Kent Town PD,2007,21,0,21,5,0,5,26,0,26
Putnam,Kent Town PD,2008,21,0,21,5,0,5,26,0,26
Putnam,Kent Town PD,2009,20,0,20,5,0,5,25,0,25
Putnam,Kent Town PD,2010,20,0,20,5,0,5,25,0,25
Putnam,Kent Town PD,2011,20,0,20,5,0,5,25,0,25
Putnam,Kent Town PD,2012,20,0,20,5,0,5,25,0,25
Putnam,Kent Town PD,2013,20,0,20,5,0,5,25,0,25
Putnam,Kent Town PD,2014,20,0,20,5,0,5,25,0,25
Putnam,Kent Town PD,2015,18,0,18,5,0,5,23,0,23
Putnam,Kent Town PD,2016,20,0,20,5,0,5,25,0,25
Putnam,Kent Town PD,2017,20,0,20,5,0,5,25,0,25
Putnam,Kent Town PD,2018,19,0,19,5,0,5,24,0,24
Putnam,Kent Town PD,2019,18,0,18,5,0,5,23,0,23
Putnam,Kent Town PD,2020,18,0,18,5,0,5,23,0,23
Putnam,Kent Town PD,2021,19,0,19,5,0,5,24,0,24
Putnam,Kent Town PD,2022,19,0,19,5,0,5,24,0,24
Putnam,Kent Town PD,2023,19,0,19,5,0,5,24,0,24
Putnam,Putnam County Sheriff,2007,89,5,94,17,9,26,106,14,120
Putnam,Putnam County Sheriff,2008,81,6,87,16,6,22,97,12,109
Putnam,Putnam County Sheriff,2009,80,4,84,18,12,30,98,16,114
Putnam,Putnam County Sheriff,2010,82,8,90,18,9,27,100,17,117
Putnam,Putnam County Sheriff,2011,82,4,86,14,8,22,96,12,108
Putnam,Putnam County Sheriff,2012,83,4,87,18,10,28,101,14,115
Putnam,Putnam County Sheriff,2013,79,9,88,17,8,25,96,17,113
Putnam,Putnam County Sheriff,2014,82,9,91,17,7,24,99,16,115
Putnam,Putnam County Sheriff,2015,85,10,95,17,5,22,102,15,117
Putnam,Putnam County Sheriff,2016,86,10,96,14,6,20,100,16,116
Putnam,Putnam County Sheriff,2017,86,10,96,19,6,25,105,16,121
Putnam,Putnam County Sheriff,2018,77,12,89,17,5,22,94,17,111
Putnam,Putnam County Sheriff,2019,87,0,87,21,5,26,108,5,113
Putnam,Putnam County Sheriff,2020,86,0,86,21,6,27,107,6,113
Putnam,Putnam County Sheriff,2021,79,0,79,19,5,24,98,5,103
Putnam,Putnam County Sheriff,2022,82,0,82,14,5,19,96,5,101
Putnam,Putnam County Sheriff,2023,80,0,80,14,3,17,94,3,97
Rensselaer,East Greenbush Town PD,2007,24,0,24,8,0,8,32,0,32
Rensselaer,East Greenbush Town PD,2008,24,0,24,8,0,8,32,0,32
Rensselaer,East Greenbush Town PD,2009,24,0,24,8,0,8,32,0,32
Rensselaer,East Greenbush Town PD,2010,24,0,24,8,0,8,32,0,32
Rensselaer,East Greenbush Town PD,2011,24,0,24,8,0,8,32,0,32
Rensselaer,East Greenbush Town PD,2012,24,0,24,8,0,8,32,0,32
Rensselaer,East Greenbush Town PD,2013,25,0,25,9,0,9,34,0,34
Rensselaer,East Greenbush Town PD,2014,25,0,25,9,0,9,34,0,34
Rensselaer,East Greenbush Town PD,2015,23,0,23,9,0,9,32,0,32
Rensselaer,East Greenbush Town PD,2016,22,0,22,9,0,9,31,0,31
Rensselaer,East Greenbush Town PD,2017,22,0,22,9,0,9,31,0,31
Rensselaer,East Greenbush Town PD,2018,24,0,24,9,6,15,33,6,39
Rensselaer,East Greenbush Town PD,2019,25,0,25,8,10,18,33,10,43
Rensselaer,East Greenbush Town PD,2020,24,0,24,9,9,18,33,9,42
Rensselaer,East Greenbush Town PD,2021,24,0,24,9,8,17,33,8,41
Rensselaer,East Greenbush Town PD,2022,24,0,24,9,5,14,33,5,38
Rensselaer,East Greenbush Town PD,2023,26,0,26,9,6,15,35,6,41
Rensselaer,Hoosick Falls Vg PD,2007,3,15,18,2,8,10,5,23,28
Rensselaer,Hoosick Falls Vg PD,2008,3,17,20,2,10,12,5,27,32
Rensselaer,Hoosick Falls Vg PD,2009,4,15,19,2,7,9,6,22,28
Rensselaer,Hoosick Falls Vg PD,2010,3,12,15,2,6,8,5,18,23
Rensselaer,Hoosick Falls Vg PD,2011,2,16,18,0,0,0,2,16,18
Rensselaer,Hoosick Falls Vg PD,2012,2,13,15,0,0,0,2,13,15
Rensselaer,Hoosick Falls Vg PD,2013,1,18,19,0,0,0,1,18,19
Rensselaer,Hoosick Falls Vg PD,2014,2,15,17,0,0,0,2,15,17
Rensselaer,Hoosick Falls Vg PD,2015,1,20,21,0,0,0,1,20,21
Rensselaer,Hoosick Falls Vg PD,2016,1,19,20,0,0,0,1,19,20
Rensselaer,Hoosick Falls Vg PD,2017,1,16,17,0,0,0,1,16,17
Rensselaer,Hoosick Falls Vg PD,2018,1,20,21,0,0,0,1,20,21
Rensselaer,Hoosick Falls Vg PD,2019,3,15,18,0,0,0,3,15,18
Rensselaer,Hoosick Falls Vg PD,2020,2,15,17,0,0,0,2,15,17
Rensselaer,Hoosick Falls Vg PD,2021,2,15,17,0,0,0,2,15,17
Rensselaer,Hoosick Falls Vg PD,2022,1,11,12,0,0,0,1,11,12
Rensselaer,Hoosick Falls Vg PD,2023,3,9,12,0,0,0,3,9,12
Rensselaer,Nassau Vg PD,2007,0,8,8,0,0,0,0,8,8
Rensselaer,Nassau Vg PD,2008,0,10,10,0,0,0,0,10,10
Rensselaer,Nassau Vg PD,2009,0,8,8,0,0,0,0,8,8
Rensselaer,Nassau Vg PD,2010,1,7,8,0,0,0,1,7,8
Rensselaer,Nassau Vg PD,2011,1,8,9,0,0,0,1,8,9
Rensselaer,Nassau Vg PD,2012,0,7,7,0,0,0,0,7,7
Rensselaer,Nassau Vg PD,2013,0,10,10,0,0,0,0,10,10
Rensselaer,Nassau Vg PD,2014,0,9,9,0,0,0,0,9,9
Rensselaer,Nassau Vg PD,2015,0,9,9,0,0,0,0,9,9
Rensselaer,Nassau Vg PD,2016,0,9,9,0,0,0,0,9,9
Rensselaer,Nassau Vg PD,2017,0,9,9,0,0,0,0,9,9
Rensselaer,Nassau Vg PD,2018,0,10,10,0,0,0,0,10,10
Rensselaer,Nassau Vg PD,2019,0,8,8,0,0,0,0,8,8
Rensselaer,Nassau Vg PD,2020,0,7,7,0,0,0,0,7,7
Rensselaer,Nassau Vg PD,2021,0,7,7,0,0,0,0,7,7
Rensselaer,Nassau Vg PD,2022,0,8,8,0,0,0,0,8,8
Rensselaer,Nassau Vg PD,2023,0,10,10,0,0,0,0,10,10
Rensselaer,North Greenbush Town PD,2007,17,1,18,2,3,5,19,4,23
Rensselaer,North Greenbush Town PD,2008,17,1,18,2,3,5,19,4,23
Rensselaer,North Greenbush Town PD,2009,17,1,18,2,3,5,19,4,23
Rensselaer,North Greenbush Town PD,2010,17,1,18,2,4,6,19,5,24
Rensselaer,North Greenbush Town PD,2011,16,1,17,2,4,6,18,5,23
Rensselaer,North Greenbush Town PD,2012,16,1,17,2,4,6,18,5,23
Rensselaer,North Greenbush Town PD,2013,16,1,17,2,4,6,18,5,23
Rensselaer,North Greenbush Town PD,2014,17,0,17,2,4,6,19,4,23
Rensselaer,North Greenbush Town PD,2015,16,1,17,2,4,6,18,5,23
Rensselaer,North Greenbush Town PD,2016,17,2,19,2,4,6,19,6,25
Rensselaer,North Greenbush Town PD,2017,17,1,18,2,5,7,19,6,25
Rensselaer,North Greenbush Town PD,2018,16,2,18,2,4,6,18,6,24
Rensselaer,North Greenbush Town PD,2019,18,1,19,2,5,7,20,6,26
Rensselaer,North Greenbush Town PD,2020,18,0,18,2,5,7,20,5,25
Rensselaer,North Greenbush Town PD,2021,18,0,18,2,5,7,20,5,25
Rensselaer,North Greenbush Town PD,2022,15,0,15,2,5,7,17,5,22
Rensselaer,North Greenbush Town PD,2023,18,5,23,0,1,1,18,6,24
Rensselaer,Rensselaer City PD,2007,27,0,27,6,1,7,33,1,34
Rensselaer,Rensselaer City PD,2008,24,0,24,5,3,8,29,3,32
Rensselaer,Rensselaer City PD,2009,24,0,24,5,3,8,29,3,32
Rensselaer,Rensselaer City PD,2010,26,0,26,5,3,8,31,3,34
Rensselaer,Rensselaer City PD,2011,24,0,24,5,1,6,29,1,30
Rensselaer,Rensselaer City PD,2012,27,0,27,6,1,7,33,1,34
Rensselaer,Rensselaer City PD,2013,27,0,27,6,0,6,33,0,33
Rensselaer,Rensselaer City PD,2014,27,0,27,7,0,7,34,0,34
Rensselaer,Rensselaer City PD,2015,26,0,26,7,0,7,33,0,33
Rensselaer,Rensselaer City PD,2016,27,0,27,6,0,6,33,0,33
Rensselaer,Rensselaer City PD,2017,26,0,26,5,0,5,31,0,31
Rensselaer,Rensselaer City PD,2018,27,0,27,6,0,6,33,0,33
Rensselaer,Rensselaer City PD,2019,28,0,28,7,0,7,35,0,35
Rensselaer,Rensselaer City PD,2020,28,0,28,7,0,7,35,0,35
Rensselaer,Rensselaer City PD,2021,25,0,25,6,0,6,31,0,31
Rensselaer,Rensselaer City PD,2022,23,0,23,10,0,10,33,0,33
Rensselaer,Rensselaer City PD,2023,26,0,26,5,0,5,31,0,31
Rensselaer,Rensselaer County Sheriff,2007,33,1,34,5,0,5,38,1,39
Rensselaer,Rensselaer County Sheriff,2008,33,1,34,6,0,6,39,1,40
Rensselaer,Rensselaer County Sheriff,2009,33,1,34,6,0,6,39,1,40
Rensselaer,Rensselaer County Sheriff,2010,33,1,34,5,1,6,38,2,40
Rensselaer,Rensselaer County Sheriff,2011,33,0,33,2,1,3,35,1,36
Rensselaer,Rensselaer County Sheriff,2012,33,0,33,2,1,3,35,1,36
Rensselaer,Rensselaer County Sheriff,2013,33,0,33,6,1,7,39,1,40
Rensselaer,Rensselaer County Sheriff,2014,33,0,33,7,1,8,40,1,41
Rensselaer,Rensselaer County Sheriff,2015,34,0,34,7,1,8,41,1,42
Rensselaer,Rensselaer County Sheriff,2016,35,0,35,8,1,9,43,1,44
Rensselaer,Rensselaer County Sheriff,2017,35,0,35,7,1,8,42,1,43
Rensselaer,Rensselaer County Sheriff,2018,34,0,34,8,2,10,42,2,44
Rensselaer,Rensselaer County Sheriff,2019,37,0,37,6,1,7,43,1,44
Rensselaer,Rensselaer County Sheriff,2020,39,0,39,7,1,8,46,1,47
Rensselaer,Rensselaer County Sheriff,2021,41,0,41,7,1,8,48,1,49
Rensselaer,Rensselaer County Sheriff,2022,43,0,43,8,1,9,51,1,52
Rensselaer,Rensselaer County Sheriff,2023,47,0,47,6,1,7,53,1,54
Rensselaer,Rensselaer Polytechnic Institute Dept of Public Safety,2019,0,0,0,40,1,41,40,1,41
Rensselaer,Rensselaer Polytechnic Institute Dept of Public Safety,2020,0,0,0,41,2,43,41,2,43
Rensselaer,Rensselaer Polytechnic Institute Dept of Public Safety,2021,0,0,0,47,1,48,47,1,48
Rensselaer,Rensselaer Polytechnic Institute Dept of Public Safety,2022,0,0,0,47,1,48,47,1,48
Rensselaer,Rensselaer Polytechnic Institute Dept of Public Safety,2023,0,0,0,47,1,48,47,1,48
Rensselaer,Schodack Town PD,2007,10,5,15,2,3,5,12,8,20
Rensselaer,Schodack Town PD,2008,10,5,15,2,0,2,12,5,17
Rensselaer,Schodack Town PD,2009,10,9,19,2,0,2,12,9,21
Rensselaer,Schodack Town PD,2010,10,8,18,1,0,1,11,8,19
Rensselaer,Schodack Town PD,2012,9,7,16,1,0,1,10,7,17
Rensselaer,Schodack Town PD,2013,10,10,20,1,0,1,11,10,21
Rensselaer,Schodack Town PD,2014,10,8,18,1,0,1,11,8,19
Rensselaer,Schodack Town PD,2015,11,9,20,1,0,1,12,9,21
Rensselaer,Schodack Town PD,2016,10,9,19,1,0,1,11,9,20
Rensselaer,Schodack Town PD,2017,10,8,18,1,0,1,11,8,19
Rensselaer,Schodack Town PD,2018,11,5,16,0,0,0,11,5,16
Rensselaer,Schodack Town PD,2019,11,5,16,1,0,1,12,5,17
Rensselaer,Schodack Town PD,2020,8,4,12,1,0,1,9,4,13
Rensselaer,Schodack Town PD,2021,10,5,15,1,0,1,11,5,16
Rensselaer,Schodack Town PD,2022,9,4,13,0,1,1,9,5,14
Rensselaer,Schodack Town PD,2023,9,8,17,0,0,0,9,8,17
Rensselaer,Troy City PD,2007,116,0,116,16,38,54,132,38,170
Rensselaer,Troy City PD,2008,122,0,122,16,26,42,138,26,164
Rensselaer,Troy City PD,2009,129,0,129,11,1,12,140,1,141
Rensselaer,Troy City PD,2010,124,0,124,14,0,14,138,0,138
Rensselaer,Troy City PD,2011,124,0,124,14,22,36,138,22,160
Rensselaer,Troy City PD,2012,125,0,125,13,7,20,138,7,145
Rensselaer,Troy City PD,2013,127,0,127,12,2,14,139,2,141
Rensselaer,Troy City PD,2014,128,0,128,11,3,14,139,3,142
Rensselaer,Troy City PD,2015,127,0,127,12,20,32,139,20,159
Rensselaer,Troy City PD,2016,126,0,126,13,9,22,139,9,148
Rensselaer,Troy City PD,2017,123,0,123,11,15,26,134,15,149
Rensselaer,Troy City PD,2018,124,0,124,10,16,26,134,16,150
Rensselaer,Troy City PD,2019,128,0,128,10,16,26,138,16,154
Rensselaer,Troy City PD,2020,127,0,127,10,19,29,137,19,156
Rensselaer,Troy City PD,2021,134,0,134,9,17,26,143,17,160
Rensselaer,Troy City PD,2022,136,0,136,9,17,26,145,17,162
Rensselaer,Troy City PD,2023,131,0,131,8,15,23,139,15,154
Rockland,Clarkstown Town PD,2007,169,0,169,27,0,27,196,0,196
Rockland,Clarkstown Town PD,2008,170,0,170,28,0,28,198,0,198
Rockland,Clarkstown Town PD,2009,169,0,169,23,2,25,192,2,194
Rockland,Clarkstown Town PD,2010,163,0,163,25,0,25,188,0,188
Rockland,Clarkstown Town PD,2011,163,0,163,26,0,26,189,0,189
Rockland,Clarkstown Town PD,2012,159,0,159,24,0,24,183,0,183
Rockland,Clarkstown Town PD,2013,163,0,163,24,1,25,187,1,188
Rockland,Clarkstown Town PD,2014,164,0,164,24,4,28,188,4,192
Rockland,Clarkstown Town PD,2015,163,0,163,24,0,24,187,0,187
Rockland,Clarkstown Town PD,2016,157,0,157,24,1,25,181,1,182
Rockland,Clarkstown Town PD,2017,145,0,145,25,1,26,170,1,171
Rockland,Clarkstown Town PD,2018,152,0,152,24,1,25,176,1,177
Rockland,Clarkstown Town PD,2019,164,0,164,24,1,25,188,1,189
Rockland,Clarkstown Town PD,2020,160,0,160,24,1,25,184,1,185
Rockland,Clarkstown Town PD,2021,159,0,159,23,2,25,182,2,184
Rockland,Clarkstown Town PD,2022,164,0,164,24,2,26,188,2,190
Rockland,Clarkstown Town PD,2023,158,0,158,24,2,26,182,2,184
Rockland,Haverstraw Town PD,2007,71,3,74,4,7,11,75,10,85
Rockland,Haverstraw Town PD,2008,72,3,75,5,6,11,77,9,86
Rockland,Haverstraw Town PD,2009,71,1,72,6,6,12,77,7,84
Rockland,Haverstraw Town PD,2010,72,0,72,7,4,11,79,4,83
Rockland,Haverstraw Town PD,2011,71,0,71,6,4,10,77,4,81
Rockland,Haverstraw Town PD,2012,68,0,68,5,5,10,73,5,78
Rockland,Haverstraw Town PD,2013,70,0,70,7,6,13,77,6,83
Rockland,Haverstraw Town PD,2014,68,1,69,6,8,14,74,9,83
Rockland,Haverstraw Town PD,2015,66,1,67,6,8,14,72,9,81
Rockland,Haverstraw Town PD,2016,64,1,65,5,5,10,69,6,75
Rockland,Haverstraw Town PD,2017,63,1,64,6,5,11,69,6,75
Rockland,Haverstraw Town PD,2018,62,1,63,5,7,12,67,8,75
Rockland,Haverstraw Town PD,2021,66,2,68,5,3,8,71,5,76
Rockland,Haverstraw Town PD,2022,67,2,69,6,7,13,73,9,82
Rockland,Haverstraw Town PD,2023,68,2,70,6,6,12,74,8,82
Rockland,Orangetown Town PD,2007,92,0,92,9,2,11,101,2,103
Rockland,Orangetown Town PD,2008,90,0,90,9,3,12,99,3,102
Rockland,Orangetown Town PD,2009,91,0,91,10,3,13,101,3,104
Rockland,Orangetown Town PD,2010,88,0,88,10,2,12,98,2,100
Rockland,Orangetown Town PD,2011,86,0,86,10,8,18,96,8,104
Rockland,Orangetown Town PD,2012,81,0,81,9,5,14,90,5,95
Rockland,Orangetown Town PD,2013,83,0,83,9,39,48,92,39,131
Rockland,Orangetown Town PD,2014,85,0,85,0,0,0,85,0,85
Rockland,Orangetown Town PD,2015,78,0,78,0,0,0,78,0,78
Rockland,Orangetown Town PD,2016,82,0,82,4,1,5,86,1,87
Rockland,Orangetown Town PD,2017,76,0,76,8,1,9,84,1,85
Rockland,Orangetown Town PD,2018,82,0,82,7,3,10,89,3,92
Rockland,Orangetown Town PD,2019,82,0,82,7,1,8,89,1,90
Rockland,Orangetown Town PD,2020,77,0,77,8,0,8,85,0,85
Rockland,Orangetown Town PD,2021,80,0,80,8,0,8,88,0,88
Rockland,Orangetown Town PD,2022,88,0,88,8,0,8,96,0,96
Rockland,Orangetown Town PD,2023,93,0,93,7,0,7,100,0,100
Rockland,Piermont Vg PD,2007,8,0,8,0,3,3,8,3,11
Rockland,Piermont Vg PD,2009,8,1,9,0,0,0,8,1,9
Rockland,Piermont Vg PD,2010,8,1,9,0,0,0,8,1,9
Rockland,Piermont Vg PD,2011,8,1,9,0,0,0,8,1,9
Rockland,Piermont Vg PD,2012,8,2,10,0,0,0,8,2,10
Rockland,Piermont Vg PD,2013,8,2,10,0,0,0,8,2,10
Rockland,Piermont Vg PD,2014,8,2,10,0,0,0,8,2,10
Rockland,Piermont Vg PD,2015,8,2,10,0,0,0,8,2,10
Rockland,Piermont Vg PD,2016,8,2,10,0,0,0,8,2,10
Rockland,Piermont Vg PD,2017,8,2,10,0,0,0,8,2,10
Rockland,Piermont Vg PD,2018,8,2,10,0,0,0,8,2,10
Rockland,Piermont Vg PD,2019,12,4,16,0,0,0,12,4,16
Rockland,Piermont Vg PD,2020,8,4,12,0,1,1,8,5,13
Rockland,Piermont Vg PD,2021,8,5,13,0,1,1,8,6,14
Rockland,Piermont Vg PD,2022,8,5,13,0,0,0,8,5,13
Rockland,Piermont Vg PD,2023,8,5,13,0,0,0,8,5,13
Rockland,Ramapo Town PD,2007,119,1,120,24,0,24,143,1,144
Rockland,Ramapo Town PD,2008,120,1,121,24,0,24,144,1,145
Rockland,Ramapo Town PD,2009,119,1,120,24,0,24,143,1,144
Rockland,Ramapo Town PD,2010,112,1,113,24,0,24,136,1,137
Rockland,Ramapo Town PD,2011,108,1,109,22,1,23,130,2,132
Rockland,Ramapo Town PD,2012,106,0,106,22,1,23,128,1,129
Rockland,Ramapo Town PD,2013,107,1,108,22,0,22,129,1,130
Rockland,Ramapo Town PD,2014,105,1,106,22,0,22,127,1,128
Rockland,Ramapo Town PD,2015,101,1,102,22,0,22,123,1,124
Rockland,Ramapo Town PD,2016,95,1,96,22,0,22,117,1,118
Rockland,Ramapo Town PD,2017,99,1,100,22,0,22,121,1,122
Rockland,Ramapo Town PD,2018,106,1,107,22,4,26,128,5,133
Rockland,Ramapo Town PD,2019,105,1,106,21,1,22,126,2,128
Rockland,Ramapo Town PD,2020,105,1,106,20,0,20,125,1,126
Rockland,Ramapo Town PD,2021,101,1,102,17,0,17,118,1,119
Rockland,Ramapo Town PD,2022,105,0,105,19,1,20,124,1,125
Rockland,Ramapo Town PD,2023,111,0,111,17,1,18,128,1,129
Rockland,Rockland County Sheriff,2007,76,70,146,31,4,35,107,74,181
Rockland,Rockland County Sheriff,2008,88,59,147,33,6,39,121,65,186
Rockland,Rockland County Sheriff,2009,87,60,147,33,6,39,120,66,186
Rockland,Rockland County Sheriff,2010,81,60,141,34,5,39,115,65,180
Rockland,Rockland County Sheriff,2011,82,62,144,32,4,36,114,66,180
Rockland,Rockland County Sheriff,2012,77,57,134,28,3,31,105,60,165
Rockland,Rockland County Sheriff,2013,78,65,143,37,2,39,115,67,182
Rockland,Rockland County Sheriff,2014,76,66,142,41,5,46,117,71,188
Rockland,Rockland County Sheriff,2015,77,66,143,38,8,46,115,74,189
Rockland,Rockland County Sheriff,2016,77,65,142,72,6,78,149,71,220
Rockland,Rockland County Sheriff,2017,75,74,149,78,34,112,153,108,261
Rockland,Rockland County Sheriff,2018,77,75,152,77,25,102,154,100,254
Rockland,Rockland County Sheriff,2019,82,77,159,93,22,115,175,99,274
Rockland,Rockland County Sheriff,2020,81,73,154,86,21,107,167,94,261
Rockland,Rockland County Sheriff,2021,78,71,149,87,16,103,165,87,252
Rockland,Rockland County Sheriff,2022,80,75,155,86,16,102,166,91,257
Rockland,Rockland County Sheriff,2023,84,76,160,84,20,104,168,96,264
Rockland,Spring Valley Vg PD,2007,57,3,60,9,0,9,66,3,69
Rockland,Spring Valley Vg PD,2008,57,3,60,8,0,8,65,3,68
Rockland,Spring Valley Vg PD,2009,60,2,62,8,0,8,68,2,70
Rockland,Spring Valley Vg PD,2010,56,2,58,8,0,8,64,2,66
Rockland,Spring Valley Vg PD,2011,55,1,56,8,0,8,63,1,64
Rockland,Spring Valley Vg PD,2012,55,1,56,8,0,8,63,1,64
Rockland,Spring Valley Vg PD,2013,58,3,61,8,0,8,66,3,69
Rockland,Spring Valley Vg PD,2014,54,3,57,7,0,7,61,3,64
Rockland,Spring Valley Vg PD,2015,54,3,57,7,0,7,61,3,64
Rockland,Spring Valley Vg PD,2016,51,3,54,7,0,7,58,3,61
Rockland,Spring Valley Vg PD,2017,49,3,52,0,0,0,49,3,52
Rockland,Spring Valley Vg PD,2018,52,3,55,7,0,7,59,3,62
Rockland,Spring Valley Vg PD,2019,55,3,58,9,1,10,64,4,68
Rockland,Spring Valley Vg PD,2020,53,3,56,9,1,10,62,4,66
Rockland,Spring Valley Vg PD,2021,57,1,58,8,1,9,65,2,67
Rockland,Spring Valley Vg PD,2022,57,1,58,5,1,6,62,2,64
Rockland,Spring Valley Vg PD,2023,60,1,61,6,1,7,66,2,68
Rockland,Stony Point Town PD,2007,30,4,34,1,4,5,31,8,39
Rockland,Stony Point Town PD,2008,30,4,34,1,4,5,31,8,39
Rockland,Stony Point Town PD,2009,27,4,31,1,6,7,28,10,38
Rockland,Stony Point Town PD,2010,29,3,32,1,2,3,30,5,35
Rockland,Stony Point Town PD,2011,27,4,31,1,2,3,28,6,34
Rockland,Stony Point Town PD,2012,25,4,29,1,2,3,26,6,32
Rockland,Stony Point Town PD,2013,23,5,28,1,2,3,24,7,31
Rockland,Stony Point Town PD,2014,24,5,29,1,2,3,25,7,32
Rockland,Stony Point Town PD,2015,25,5,30,1,2,3,26,7,33
Rockland,Stony Point Town PD,2016,25,5,30,1,2,3,26,7,33
Rockland,Stony Point Town PD,2017,25,5,30,0,3,3,25,8,33
Rockland,Stony Point Town PD,2018,25,5,30,1,2,3,26,7,33
Rockland,Stony Point Town PD,2019,25,5,30,1,2,3,26,7,33
Rockland,Stony Point Town PD,2021,24,4,28,1,3,4,25,7,32
Rockland,Stony Point Town PD,2022,26,3,29,1,5,6,27,8,35
Rockland,Stony Point Town PD,2023,27,4,31,1,3,4,28,7,35
Rockland,Suffern Vg PD,2007,27,4,31,5,3,8,32,7,39
Rockland,Suffern Vg PD,2008,27,4,31,2,3,5,29,7,36
Rockland,Suffern Vg PD,2009,26,4,30,5,3,8,31,7,38
Rockland,Suffern Vg PD,2010,25,5,30,5,2,7,30,7,37
Rockland,Suffern Vg PD,2011,24,5,29,1,2,3,25,7,32
Rockland,Suffern Vg PD,2012,24,7,31,5,4,9,29,11,40
Rockland,Suffern Vg PD,2013,23,7,30,4,4,8,27,11,38
Rockland,Suffern Vg PD,2014,22,7,29,4,6,10,26,13,39
Rockland,Suffern Vg PD,2015,20,9,29,4,4,8,24,13,37
Rockland,Suffern Vg PD,2016,20,8,28,4,4,8,24,12,36
Rockland,Suffern Vg PD,2017,21,9,30,4,2,6,25,11,36
Rockland,Suffern Vg PD,2018,22,9,31,4,2,6,26,11,37
Rockland,Suffern Vg PD,2019,21,7,28,4,5,9,25,12,37
Rockland,Suffern Vg PD,2020,21,5,26,4,4,8,25,9,34
Rockland,Suffern Vg PD,2021,21,6,27,4,4,8,25,10,35
Rockland,Suffern Vg PD,2022,21,6,27,0,0,0,21,6,27
Rockland,Suffern Vg PD,2023,22,5,27,4,2,6,26,7,33
Saratoga,Ballston Spa Vg PD,2007,5,11,16,4,1,5,9,12,21
Saratoga,Ballston Spa Vg PD,2008,5,11,16,0,0,0,5,11,16
Saratoga,Ballston Spa Vg PD,2009,4,13,17,0,2,2,4,15,19
Saratoga,Ballston Spa Vg PD,2010,6,13,19,0,0,0,6,13,19
Saratoga,Ballston Spa Vg PD,2011,5,13,18,0,0,0,5,13,18
Saratoga,Ballston Spa Vg PD,2012,5,11,16,0,0,0,5,11,16
Saratoga,Ballston Spa Vg PD,2013,6,12,18,0,0,0,6,12,18
Saratoga,Ballston Spa Vg PD,2014,5,11,16,0,0,0,5,11,16
Saratoga,Ballston Spa Vg PD,2015,5,10,15,0,0,0,5,10,15
Saratoga,Ballston Spa Vg PD,2016,5,11,16,0,0,0,5,11,16
Saratoga,Ballston Spa Vg PD,2017,4,11,15,0,0,0,4,11,15
Saratoga,Ballston Spa Vg PD,2018,3,15,18,0,2,2,3,17,20
Saratoga,Ballston Spa Vg PD,2019,4,16,20,0,0,0,4,16,20
Saratoga,Ballston Spa Vg PD,2020,4,14,18,0,1,1,4,15,19
Saratoga,Ballston Spa Vg PD,2021,3,14,17,0,0,0,3,14,17
Saratoga,Ballston Spa Vg PD,2022,4,15,19,0,0,0,4,15,19
Saratoga,Ballston Spa Vg PD,2023,4,14,18,0,0,0,4,14,18
Saratoga,Mechanicville City PD,2007,11,11,22,1,1,2,12,12,24
Saratoga,Mechanicville City PD,2008,12,10,22,1,2,3,13,12,25
Saratoga,Mechanicville City PD,2009,12,8,20,1,2,3,13,10,23
Saratoga,Mechanicville City PD,2010,12,10,22,1,2,3,13,12,25
Saratoga,Mechanicville City PD,2011,12,8,20,1,1,2,13,9,22
Saratoga,Mechanicville City PD,2012,12,9,21,1,1,2,13,10,23
Saratoga,Mechanicville City PD,2013,11,10,21,1,3,4,12,13,25
Saratoga,Mechanicville City PD,2014,10,9,19,1,2,3,11,11,22
Saratoga,Mechanicville City PD,2015,8,8,16,2,3,5,10,11,21
Saratoga,Mechanicville City PD,2016,10,7,17,2,3,5,12,10,22
Saratoga,Mechanicville City PD,2017,9,9,18,1,3,4,10,12,22
Saratoga,Mechanicville City PD,2018,8,9,17,0,0,0,8,9,17
Saratoga,Mechanicville City PD,2019,8,9,17,0,0,0,8,9,17
Saratoga,Mechanicville City PD,2020,10,8,18,0,0,0,10,8,18
Saratoga,Mechanicville City PD,2021,9,9,18,0,0,0,9,9,18
Saratoga,Mechanicville City PD,2022,8,6,14,0,0,0,8,6,14
Saratoga,Mechanicville City PD,2023,8,7,15,0,0,0,8,7,15
Saratoga,Saratoga County Sheriff,2007,110,0,110,36,1,37,146,1,147
Saratoga,Saratoga County Sheriff,2008,112,0,112,36,1,37,148,1,149
Saratoga,Saratoga County Sheriff,2009,112,0,112,36,1,37,148,1,149
Saratoga,Saratoga County Sheriff,2010,112,0,112,38,1,39,150,1,151
Saratoga,Saratoga County Sheriff,2011,112,0,112,41,1,42,153,1,154
Saratoga,Saratoga County Sheriff,2012,112,0,112,41,1,42,153,1,154
Saratoga,Saratoga County Sheriff,2013,110,0,110,42,1,43,152,1,153
Saratoga,Saratoga County Sheriff,2014,110,0,110,40,1,41,150,1,151
Saratoga,Saratoga County Sheriff,2015,109,2,111,40,1,41,149,3,152
Saratoga,Saratoga County Sheriff,2016,110,8,118,42,1,43,152,9,161
Saratoga,Saratoga County Sheriff,2017,120,12,132,49,1,50,169,13,182
Saratoga,Saratoga County Sheriff,2018,166,11,177,21,0,21,187,11,198
Saratoga,Saratoga County Sheriff,2021,147,11,158,50,0,50,197,11,208
Saratoga,Saratoga County Sheriff,2022,156,12,168,53,0,53,209,12,221
Saratoga,Saratoga County Sheriff,2023,131,13,144,14,0,14,145,13,158
Saratoga,Saratoga Springs City PD,2007,71,0,71,18,0,18,89,0,89
Saratoga,Saratoga Springs City PD,2008,72,0,72,14,15,29,86,15,101
Saratoga,Saratoga Springs City PD,2009,65,0,65,13,0,13,78,0,78
Saratoga,Saratoga Springs City PD,2010,65,0,65,13,2,15,78,2,80
Saratoga,Saratoga Springs City PD,2011,67,0,67,12,0,12,79,0,79
Saratoga,Saratoga Springs City PD,2012,63,0,63,14,1,15,77,1,78
Saratoga,Saratoga Springs City PD,2013,67,0,67,14,1,15,81,1,82
Saratoga,Saratoga Springs City PD,2014,67,0,67,15,1,16,82,1,83
Saratoga,Saratoga Springs City PD,2015,75,0,75,15,1,16,90,1,91
Saratoga,Saratoga Springs City PD,2016,73,0,73,13,0,13,86,0,86
Saratoga,Saratoga Springs City PD,2017,69,0,69,11,0,11,80,0,80
Saratoga,Saratoga Springs City PD,2018,71,0,71,12,3,15,83,3,86
Saratoga,Saratoga Springs City PD,2019,72,0,72,14,2,16,86,2,88
Saratoga,Saratoga Springs City PD,2020,75,0,75,16,8,24,91,8,99
Saratoga,Saratoga Springs City PD,2021,72,0,72,16,9,25,88,9,97
Saratoga,Saratoga Springs City PD,2023,71,0,71,13,0,13,84,0,84
Saratoga,South Glens Falls Vg PD,2007,6,8,14,0,0,0,6,8,14
Saratoga,South Glens Falls Vg PD,2008,6,7,13,0,0,0,6,7,13
Saratoga,South Glens Falls Vg PD,2009,6,8,14,0,0,0,6,8,14
Saratoga,South Glens Falls Vg PD,2010,6,9,15,0,0,0,6,9,15
Saratoga,South Glens Falls Vg PD,2011,6,8,14,0,0,0,6,8,14
Saratoga,South Glens Falls Vg PD,2012,6,7,13,0,0,0,6,7,13
Saratoga,South Glens Falls Vg PD,2013,6,8,14,0,0,0,6,8,14
Saratoga,South Glens Falls Vg PD,2014,6,8,14,0,0,0,6,8,14
Saratoga,South Glens Falls Vg PD,2015,6,8,14,0,0,0,6,8,14
Saratoga,South Glens Falls Vg PD,2016,6,7,13,0,0,0,6,7,13
Saratoga,South Glens Falls Vg PD,2017,5,7,12,0,0,0,5,7,12
Saratoga,South Glens Falls Vg PD,2018,6,7,13,0,0,0,6,7,13
Saratoga,South Glens Falls Vg PD,2019,6,7,13,0,0,0,6,7,13
Saratoga,South Glens Falls Vg PD,2020,5,7,12,0,2,2,5,9,14
Saratoga,South Glens Falls Vg PD,2021,6,8,14,0,2,2,6,10,16
Saratoga,South Glens Falls Vg PD,2022,4,10,14,0,0,0,4,10,14
Saratoga,South Glens Falls Vg PD,2023,4,9,13,0,2,2,4,11,15
Saratoga,Stillwater Town PD,2007,0,13,13,0,1,1,0,14,14
Saratoga,Stillwater Town PD,2008,0,14,14,0,1,1,0,15,15
Saratoga,Stillwater Town PD,2009,0,14,14,0,1,1,0,15,15
Saratoga,Stillwater Town PD,2010,0,15,15,0,0,0,0,15,15
Saratoga,Stillwater Town PD,2011,0,16,16,0,1,1,0,17,17
Saratoga,Stillwater Town PD,2012,0,18,18,0,0,0,0,18,18
Saratoga,Stillwater Town PD,2013,0,19,19,0,1,1,0,20,20
Saratoga,Stillwater Town PD,2014,0,15,15,0,1,1,0,16,16
Saratoga,Stillwater Town PD,2015,0,15,15,0,0,0,0,15,15
Saratoga,Stillwater Town PD,2016,0,16,16,0,1,1,0,17,17
Saratoga,Stillwater Town PD,2017,0,15,15,0,1,1,0,16,16
Saratoga,Stillwater Town PD,2018,0,16,16,0,0,0,0,16,16
Saratoga,Stillwater Town PD,2019,0,14,14,0,1,1,0,15,15
Saratoga,Stillwater Town PD,2020,0,14,14,0,1,1,0,15,15
Saratoga,Stillwater Town PD,2021,0,13,13,0,1,1,0,14,14
Saratoga,Stillwater Town PD,2022,0,15,15,0,1,1,0,16,16
Saratoga,Stillwater Town PD,2023,0,14,14,0,1,1,0,15,15
Saratoga,Waterford Town and Vg PD,2007,10,0,10,3,7,10,13,7,20
Saratoga,Waterford Town and Vg PD,2008,9,0,9,3,6,9,12,6,18
Saratoga,Waterford Town and Vg PD,2009,10,0,10,3,7,10,13,7,20
Saratoga,Waterford Town and Vg PD,2010,10,0,10,3,8,11,13,8,21
Saratoga,Waterford Town and Vg PD,2011,10,0,10,3,8,11,13,8,21
Saratoga,Waterford Town and Vg PD,2012,10,0,10,3,8,11,13,8,21
Saratoga,Waterford Town and Vg PD,2013,10,0,10,4,7,11,14,7,21
Saratoga,Waterford Town and Vg PD,2014,9,0,9,4,7,11,13,7,20
Saratoga,Waterford Town and Vg PD,2015,9,0,9,3,6,9,12,6,18
Saratoga,Waterford Town and Vg PD,2016,8,0,8,3,6,9,11,6,17
Saratoga,Waterford Town and Vg PD,2017,8,0,8,0,0,0,8,0,8
Saratoga,Waterford Town and Vg PD,2018,9,0,9,2,0,2,11,0,11
Saratoga,Waterford Town and Vg PD,2019,9,0,9,2,0,2,11,0,11
Saratoga,Waterford Town and Vg PD,2020,9,0,9,2,0,2,11,0,11
Saratoga,Waterford Town and Vg PD,2021,8,0,8,2,0,2,10,0,10
Saratoga,Waterford Town and Vg PD,2022,9,0,9,1,2,3,10,2,12
Saratoga,Waterford Town and Vg PD,2023,9,0,9,1,2,3,10,2,12
Schenectady,Glenville Town PD,2007,22,0,22,14,0,14,36,0,36
Schenectady,Glenville Town PD,2008,22,0,22,13,0,13,35,0,35
Schenectady,Glenville Town PD,2009,22,0,22,14,0,14,36,0,36
Schenectady,Glenville Town PD,2010,22,0,22,14,0,14,36,0,36
Schenectady,Glenville Town PD,2011,21,0,21,14,0,14,35,0,35
Schenectady,Glenville Town PD,2012,22,0,22,14,0,14,36,0,36
Schenectady,Glenville Town PD,2013,22,0,22,14,0,14,36,0,36
Schenectady,Glenville Town PD,2014,22,0,22,2,2,4,24,2,26
Schenectady,Glenville Town PD,2015,21,0,21,2,3,5,23,3,26
Schenectady,Glenville Town PD,2016,22,0,22,2,2,4,24,2,26
Schenectady,Glenville Town PD,2017,22,0,22,2,2,4,24,2,26
Schenectady,Glenville Town PD,2018,23,0,23,2,2,4,25,2,27
Schenectady,Glenville Town PD,2019,24,0,24,1,3,4,25,3,28
Schenectady,Glenville Town PD,2020,24,0,24,1,3,4,25,3,28
Schenectady,Glenville Town PD,2021,24,0,24,1,3,4,25,3,28
Schenectady,Glenville Town PD,2022,26,0,26,1,3,4,27,3,30
Schenectady,Glenville Town PD,2023,26,0,26,1,1,2,27,1,28
Schenectady,Niskayuna Town PD,2007,29,0,29,11,3,14,40,3,43
Schenectady,Niskayuna Town PD,2008,29,0,29,10,4,14,39,4,43
Schenectady,Niskayuna Town PD,2009,29,0,29,8,5,13,37,5,42
Schenectady,Niskayuna Town PD,2010,28,0,28,11,6,17,39,6,45
Schenectady,Niskayuna Town PD,2011,27,0,27,11,5,16,38,5,43
Schenectady,Niskayuna Town PD,2012,27,0,27,11,3,14,38,3,41
Schenectady,Niskayuna Town PD,2013,27,0,27,11,3,14,38,3,41
Schenectady,Niskayuna Town PD,2014,27,0,27,2,1,3,29,1,30
Schenectady,Niskayuna Town PD,2015,26,0,26,2,1,3,28,1,29
Schenectady,Niskayuna Town PD,2016,27,0,27,2,1,3,29,1,30
Schenectady,Niskayuna Town PD,2017,27,0,27,2,2,4,29,2,31
Schenectady,Niskayuna Town PD,2018,28,0,28,2,2,4,30,2,32
Schenectady,Niskayuna Town PD,2019,27,0,27,2,2,4,29,2,31
Schenectady,Niskayuna Town PD,2020,29,0,29,2,3,5,31,3,34
Schenectady,Niskayuna Town PD,2021,27,0,27,1,5,6,28,5,33
Schenectady,Niskayuna Town PD,2022,27,0,27,3,2,5,30,2,32
Schenectady,Niskayuna Town PD,2023,30,0,30,3,2,5,33,2,35
Schenectady,Rotterdam Town PD,2007,44,0,44,17,12,29,61,12,73
Schenectady,Rotterdam Town PD,2008,42,0,42,18,16,34,60,16,76
Schenectady,Rotterdam Town PD,2009,44,0,44,18,18,36,62,18,80
Schenectady,Rotterdam Town PD,2010,42,0,42,17,17,34,59,17,76
Schenectady,Rotterdam Town PD,2011,42,0,42,16,17,33,58,17,75
Schenectady,Rotterdam Town PD,2012,41,0,41,16,18,34,57,18,75
Schenectady,Rotterdam Town PD,2013,42,0,42,15,17,32,57,17,74
Schenectady,Rotterdam Town PD,2014,44,0,44,11,2,13,55,2,57
Schenectady,Rotterdam Town PD,2015,38,0,38,3,0,3,41,0,41
Schenectady,Rotterdam Town PD,2016,40,0,40,3,0,3,43,0,43
Schenectady,Rotterdam Town PD,2017,40,0,40,3,0,3,43,0,43
Schenectady,Rotterdam Town PD,2018,41,0,41,3,0,3,44,0,44
Schenectady,Rotterdam Town PD,2019,42,0,42,3,0,3,45,0,45
Schenectady,Rotterdam Town PD,2020,40,0,40,4,0,4,44,0,44
Schenectady,Rotterdam Town PD,2021,40,0,40,2,3,5,42,3,45
Schenectady,Rotterdam Town PD,2022,39,0,39,2,2,4,41,2,43
Schenectady,Rotterdam Town PD,2023,42,0,42,2,2,4,44,2,46
Schenectady,Schenectady City PD,2007,158,0,158,45,42,87,203,42,245
Schenectady,Schenectady City PD,2008,166,0,166,50,45,95,216,45,261
Schenectady,Schenectady City PD,2009,160,0,160,48,46,94,208,46,254
Schenectady,Schenectady City PD,2010,153,0,153,48,38,86,201,38,239
Schenectady,Schenectady City PD,2011,140,0,140,40,42,82,180,42,222
Schenectady,Schenectady City PD,2012,143,0,143,45,38,83,188,38,226
Schenectady,Schenectady City PD,2013,148,0,148,44,37,81,192,37,229
Schenectady,Schenectady City PD,2014,143,0,143,25,31,56,168,31,199
Schenectady,Schenectady City PD,2015,143,0,143,25,28,53,168,28,196
Schenectady,Schenectady City PD,2016,146,0,146,25,28,53,171,28,199
Schenectady,Schenectady City PD,2017,145,0,145,26,23,49,171,23,194
Schenectady,Schenectady City PD,2018,154,0,154,28,24,52,182,24,206
Schenectady,Schenectady City PD,2019,161,0,161,26,21,47,187,21,208
Schenectady,Schenectady City PD,2020,150,0,150,24,10,34,174,10,184
Schenectady,Schenectady City PD,2021,147,0,147,24,19,43,171,19,190
Schenectady,Schenectady City PD,2022,154,0,154,25,18,43,179,18,197
Schenectady,Schenectady City PD,2023,154,0,154,27,38,65,181,38,219
Schenectady,Schenectady County Sheriff,2007,14,0,14,6,2,8,20,2,22
Schenectady,Schenectady County Sheriff,2008,14,0,14,6,2,8,20,2,22
Schenectady,Schenectady County Sheriff,2009,14,0,14,6,2,8,20,2,22
Schenectady,Schenectady County Sheriff,2010,10,0,10,6,2,8,16,2,18
Schenectady,Schenectady County Sheriff,2011,10,0,10,6,2,8,16,2,18
Schenectady,Schenectady County Sheriff,2012,10,0,10,6,1,7,16,1,17
Schenectady,Schenectady County Sheriff,2013,10,0,10,6,1,7,16,1,17
Schenectady,Schenectady County Sheriff,2014,10,0,10,6,1,7,16,1,17
Schenectady,Schenectady County Sheriff,2015,11,0,11,6,1,7,17,1,18
Schenectady,Schenectady County Sheriff,2016,11,0,11,6,1,7,17,1,18
Schenectady,Schenectady County Sheriff,2017,10,0,10,5,2,7,15,2,17
Schenectady,Schenectady County Sheriff,2019,17,4,21,6,1,7,23,5,28
Schenectady,Schenectady County Sheriff,2020,18,5,23,6,1,7,24,6,30
Schenectady,Schenectady County Sheriff,2021,20,4,24,5,3,8,25,7,32
Schenectady,Schenectady County Sheriff,2022,18,6,24,6,3,9,24,9,33
Schenectady,Schenectady County Sheriff,2023,26,4,30,8,3,11,34,7,41
Schenectady,Scotia Vg PD,2007,13,0,13,1,0,1,14,0,14
Schenectady,Scotia Vg PD,2008,13,0,13,1,0,1,14,0,14
Schenectady,Scotia Vg PD,2009,13,0,13,1,0,1,14,0,14
Schenectady,Scotia Vg PD,2010,13,0,13,1,0,1,14,0,14
Schenectady,Scotia Vg PD,2011,13,0,13,1,0,1,14,0,14
Schenectady,Scotia Vg PD,2012,13,0,13,1,0,1,14,0,14
Schenectady,Scotia Vg PD,2013,13,0,13,1,12,13,14,12,26
Schenectady,Scotia Vg PD,2014,13,0,13,1,12,13,14,12,26
Schenectady,Scotia Vg PD,2015,13,0,13,1,10,11,14,10,24
Schenectady,Scotia Vg PD,2016,13,0,13,1,0,1,14,0,14
Schenectady,Scotia Vg PD,2017,13,0,13,1,9,10,14,9,23
Schenectady,Scotia Vg PD,2018,13,0,13,1,11,12,14,11,25
Schenectady,Scotia Vg PD,2019,12,0,12,1,12,13,13,12,25
Schenectady,Scotia Vg PD,2020,13,0,13,1,11,12,14,11,25
Schenectady,Scotia Vg PD,2021,13,0,13,1,9,10,14,9,23
Schenectady,Scotia Vg PD,2022,13,2,15,1,0,1,14,2,16
Schenectady,Scotia Vg PD,2023,12,2,14,1,0,1,13,2,15
Schoharie,Cobleskill Vg PD,2007,12,0,12,0,1,1,12,1,13
Schoharie,Cobleskill Vg PD,2008,12,0,12,0,1,1,12,1,13
Schoharie,Cobleskill Vg PD,2009,12,0,12,0,1,1,12,1,13
Schoharie,Cobleskill Vg PD,2010,11,0,11,0,0,0,11,0,11
Schoharie,Cobleskill Vg PD,2011,11,0,11,0,0,0,11,0,11
Schoharie,Cobleskill Vg PD,2012,11,0,11,0,1,1,11,1,12
Schoharie,Cobleskill Vg PD,2013,11,0,11,0,1,1,11,1,12
Schoharie,Cobleskill Vg PD,2014,12,0,12,0,1,1,12,1,13
Schoharie,Cobleskill Vg PD,2015,12,1,13,0,1,1,12,2,14
Schoharie,Cobleskill Vg PD,2016,12,1,13,0,1,1,12,2,14
Schoharie,Cobleskill Vg PD,2017,12,0,12,0,1,1,12,1,13
Schoharie,Cobleskill Vg PD,2018,13,1,14,0,1,1,13,2,15
Schoharie,Cobleskill Vg PD,2019,11,1,12,0,1,1,11,2,13
Schoharie,Cobleskill Vg PD,2020,11,0,11,0,1,1,11,1,12
Schoharie,Cobleskill Vg PD,2021,11,0,11,0,1,1,11,1,12
Schoharie,Cobleskill Vg PD,2022,11,2,13,0,1,1,11,3,14
Schoharie,Cobleskill Vg PD,2023,14,2,16,0,1,1,14,3,17
Schoharie,Schoharie County Sheriff,2007,15,10,25,15,3,18,30,13,43
Schoharie,Schoharie County Sheriff,2008,15,9,24,14,2,16,29,11,40
Schoharie,Schoharie County Sheriff,2009,15,10,25,14,3,17,29,13,42
Schoharie,Schoharie County Sheriff,2010,15,10,25,14,4,18,29,14,43
Schoharie,Schoharie County Sheriff,2011,13,9,22,15,4,19,28,13,41
Schoharie,Schoharie County Sheriff,2012,15,8,23,10,2,12,25,10,35
Schoharie,Schoharie County Sheriff,2013,16,4,20,12,4,16,28,8,36
Schoharie,Schoharie County Sheriff,2014,17,4,21,13,3,16,30,7,37
Schoharie,Schoharie County Sheriff,2015,16,4,20,14,3,17,30,7,37
Schoharie,Schoharie County Sheriff,2016,17,5,22,14,2,16,31,7,38
Schoharie,Schoharie County Sheriff,2017,17,5,22,14,4,18,31,9,40
Schoharie,Schoharie County Sheriff,2018,17,5,22,14,4,18,31,9,40
Schoharie,Schoharie County Sheriff,2019,20,5,25,15,3,18,35,8,43
Schoharie,Schoharie County Sheriff,2020,19,5,24,14,2,16,33,7,40
Schoharie,Schoharie County Sheriff,2021,22,5,27,14,3,17,36,8,44
Schoharie,Schoharie County Sheriff,2022,21,5,26,14,3,17,35,8,43
Schoharie,Schoharie County Sheriff,2023,24,5,29,16,0,16,40,5,45
Schoharie,Schoharie Vg PD,2007,1,13,14,0,1,1,1,14,15
Schoharie,Schoharie Vg PD,2010,1,10,11,0,1,1,1,11,12
Schoharie,Schoharie Vg PD,2011,1,11,12,0,1,1,1,12,13
Schoharie,Schoharie Vg PD,2012,0,10,10,0,0,0,0,10,10
Schoharie,Schoharie Vg PD,2013,0,10,10,0,0,0,0,10,10
Schoharie,Schoharie Vg PD,2014,0,9,9,0,0,0,0,9,9
Schoharie,Schoharie Vg PD,2015,0,5,5,0,0,0,0,5,5
Schoharie,Schoharie Vg PD,2016,0,5,5,0,0,0,0,5,5
Schoharie,Schoharie Vg PD,2017,0,5,5,0,0,0,0,5,5
Schoharie,Schoharie Vg PD,2018,0,5,5,0,0,0,0,5,5
Schoharie,Schoharie Vg PD,2019,0,5,5,0,0,0,0,5,5
Schoharie,Schoharie Vg PD,2020,0,5,5,0,0,0,0,5,5
Schoharie,Schoharie Vg PD,2021,0,6,6,0,0,0,0,6,6
Schoharie,Schoharie Vg PD,2022,0,5,5,0,1,1,0,6,6
Schoharie,Schoharie Vg PD,2023,0,5,5,0,1,1,0,6,6
Schoharie,SUNY Police - Cobleskill,2007,10,0,10,1,0,1,11,0,11
Schoharie,SUNY Police - Cobleskill,2008,9,0,9,1,0,1,10,0,10
Schoharie,SUNY Police - Cobleskill,2009,10,0,10,1,0,1,11,0,11
Schoharie,SUNY Police - Cobleskill,2010,10,0,10,1,0,1,11,0,11
Schoharie,SUNY Police - Cobleskill,2011,10,0,10,1,0,1,11,0,11
Schoharie,SUNY Police - Cobleskill,2012,10,0,10,1,0,1,11,0,11
Schoharie,SUNY Police - Cobleskill,2013,10,0,10,1,0,1,11,0,11
Schoharie,SUNY Police - Cobleskill,2014,11,0,11,1,0,1,12,0,12
Schoharie,SUNY Police - Cobleskill,2015,11,0,11,1,1,2,12,1,13
Schoharie,SUNY Police - Cobleskill,2016,10,0,10,1,0,1,11,0,11
Schoharie,SUNY Police - Cobleskill,2017,11,0,11,1,0,1,12,0,12
Schoharie,SUNY Police - Cobleskill,2019,11,0,11,1,0,1,12,0,12
Schoharie,SUNY Police - Cobleskill,2020,10,0,10,1,0,1,11,0,11
Schoharie,SUNY Police - Cobleskill,2021,11,0,11,1,0,1,12,0,12
Schoharie,SUNY Police - Cobleskill,2022,11,0,11,1,0,1,12,0,12
Schoharie,SUNY Police - Cobleskill,2023,9,0,9,1,0,1,10,0,10
Schuyler,Schuyler County Sheriff,2008,20,4,24,2,0,2,22,4,26
Schuyler,Schuyler County Sheriff,2009,17,5,22,2,4,6,19,9,28
Schuyler,Schuyler County Sheriff,2010,17,5,22,2,0,2,19,5,24
Schuyler,Schuyler County Sheriff,2011,17,6,23,3,4,7,20,10,30
Schuyler,Schuyler County Sheriff,2012,17,6,23,3,4,7,20,10,30
Schuyler,Schuyler County Sheriff,2013,17,6,23,3,0,3,20,6,26
Schuyler,Schuyler County Sheriff,2014,18,5,23,3,4,7,21,9,30
Schuyler,Schuyler County Sheriff,2015,18,5,23,3,4,7,21,9,30
Schuyler,Schuyler County Sheriff,2016,18,5,23,3,2,5,21,7,28
Schuyler,Schuyler County Sheriff,2017,18,7,25,3,5,8,21,12,33
Schuyler,Schuyler County Sheriff,2018,19,10,29,3,5,8,22,15,37
Schuyler,Schuyler County Sheriff,2019,18,11,29,3,5,8,21,16,37
Schuyler,Schuyler County Sheriff,2020,18,10,28,3,5,8,21,15,36
Schuyler,Schuyler County Sheriff,2022,15,8,23,3,0,3,18,8,26
Schuyler,Schuyler County Sheriff,2023,17,6,23,2,5,7,19,11,30
Schuyler,Watkins Glen Vg PD,2007,5,10,15,0,1,1,5,11,16
Schuyler,Watkins Glen Vg PD,2008,6,8,14,0,1,1,6,9,15
Schuyler,Watkins Glen Vg PD,2009,6,9,15,0,1,1,6,10,16
Schuyler,Watkins Glen Vg PD,2010,5,11,16,0,1,1,5,12,17
Schuyler,Watkins Glen Vg PD,2011,4,11,15,0,1,1,4,12,16
Schuyler,Watkins Glen Vg PD,2012,4,11,15,0,2,2,4,13,17
Schuyler,Watkins Glen Vg PD,2013,4,12,16,0,0,0,4,12,16
Schuyler,Watkins Glen Vg PD,2014,4,10,14,0,0,0,4,10,14
Schuyler,Watkins Glen Vg PD,2015,4,9,13,0,1,1,4,10,14
Schuyler,Watkins Glen Vg PD,2016,3,12,15,0,0,0,3,12,15
Schuyler,Watkins Glen Vg PD,2017,5,10,15,0,0,0,5,10,15
Schuyler,Watkins Glen Vg PD,2018,3,13,16,0,0,0,3,13,16
Schuyler,Watkins Glen Vg PD,2019,2,10,12,0,0,0,2,10,12
Schuyler,Watkins Glen Vg PD,2020,5,7,12,0,0,0,5,7,12
Seneca,Interlaken Vg PD,2009,0,3,3,0,0,0,0,3,3
Seneca,Interlaken Vg PD,2010,0,3,3,0,0,0,0,3,3
Seneca,Interlaken Vg PD,2011,0,3,3,0,0,0,0,3,3
Seneca,Interlaken Vg PD,2012,1,1,2,0,0,0,1,1,2
Seneca,Interlaken Vg PD,2013,1,1,2,0,0,0,1,1,2
Seneca,Interlaken Vg PD,2014,1,4,5,0,0,0,1,4,5
Seneca,Interlaken Vg PD,2015,1,4,5,0,0,0,1,4,5
Seneca,Interlaken Vg PD,2016,1,4,5,0,0,0,1,4,5
Seneca,Interlaken Vg PD,2017,1,5,6,0,0,0,1,5,6
Seneca,Interlaken Vg PD,2018,0,5,5,0,0,0,0,5,5
Seneca,Interlaken Vg PD,2019,0,3,3,0,2,2,0,5,5
Seneca,Interlaken Vg PD,2020,0,4,4,0,2,2,0,6,6
Seneca,Interlaken Vg PD,2021,0,4,4,0,2,2,0,6,6
Seneca,Interlaken Vg PD,2022,0,6,6,0,0,0,0,6,6
Seneca,Interlaken Vg PD,2023,0,6,6,0,1,1,0,7,7
Seneca,Seneca County Sheriff,2007,28,12,40,6,14,20,34,26,60
Seneca,Seneca County Sheriff,2008,31,8,39,11,17,28,42,25,67
Seneca,Seneca County Sheriff,2009,28,11,39,11,11,22,39,22,61
Seneca,Seneca County Sheriff,2010,31,23,54,11,11,22,42,34,76
Seneca,Seneca County Sheriff,2011,30,9,39,10,14,24,40,23,63
Seneca,Seneca County Sheriff,2012,32,8,40,13,14,27,45,22,67
Seneca,Seneca County Sheriff,2013,30,8,38,12,15,27,42,23,65
Seneca,Seneca County Sheriff,2014,30,9,39,12,14,26,42,23,65
Seneca,Seneca County Sheriff,2015,29,11,40,13,10,23,42,21,63
Seneca,Seneca County Sheriff,2016,31,11,42,8,11,19,39,22,61
Seneca,Seneca County Sheriff,2017,31,11,42,5,3,8,36,14,50
Seneca,Seneca County Sheriff,2022,35,11,46,0,0,0,35,11,46
Seneca,Seneca County Sheriff,2023,30,6,36,1,0,1,31,6,37
Seneca,Seneca Falls Town PD,2012,12,5,17,2,3,5,14,8,22
Seneca,Seneca Falls Town PD,2013,12,4,16,2,0,2,14,4,18
Seneca,Seneca Falls Town PD,2014,14,5,19,2,0,2,16,5,21
Seneca,Seneca Falls Town PD,2015,16,2,18,2,0,2,18,2,20
Seneca,Seneca Falls Town PD,2016,17,1,18,2,0,2,19,1,20
Seneca,Seneca Falls Town PD,2017,16,0,16,2,3,5,18,3,21
Seneca,Seneca Falls Town PD,2018,16,1,17,2,0,2,18,1,19
Seneca,Seneca Falls Town PD,2019,17,2,19,2,0,2,19,2,21
Seneca,Seneca Falls Town PD,2021,17,1,18,2,0,2,19,1,20
Seneca,Seneca Falls Town PD,2022,18,0,18,2,1,3,20,1,21
Seneca,Seneca Falls Town PD,2023,17,0,17,2,3,5,19,3,22
Seneca,Waterloo Vg PD,2007,7,7,14,1,0,1,8,7,15
Seneca,Waterloo Vg PD,2008,8,6,14,1,0,1,9,6,15
Seneca,Waterloo Vg PD,2009,8,9,17,1,0,1,9,9,18
Seneca,Waterloo Vg PD,2010,8,8,16,1,0,1,9,8,17
Seneca,Waterloo Vg PD,2011,8,7,15,1,0,1,9,7,16
Seneca,Waterloo Vg PD,2012,8,7,15,1,0,1,9,7,16
Seneca,Waterloo Vg PD,2013,8,8,16,1,0,1,9,8,17
Seneca,Waterloo Vg PD,2014,8,7,15,1,0,1,9,7,16
Seneca,Waterloo Vg PD,2015,8,8,16,1,0,1,9,8,17
Seneca,Waterloo Vg PD,2016,7,6,13,1,0,1,8,6,14
Seneca,Waterloo Vg PD,2017,8,5,13,1,0,1,9,5,14
Seneca,Waterloo Vg PD,2018,8,6,14,1,0,1,9,6,15
Seneca,Waterloo Vg PD,2019,8,8,16,1,0,1,9,8,17
Seneca,Waterloo Vg PD,2020,8,8,16,1,0,1,9,8,17
Seneca,Waterloo Vg PD,2021,8,7,15,1,0,1,9,7,16
Seneca,Waterloo Vg PD,2022,7,6,13,1,0,1,8,6,14
Seneca,Waterloo Vg PD,2023,5,8,13,1,0,1,6,8,14
St Lawrence,Canton Vg PD,2007,9,0,9,2,1,3,11,1,12
St Lawrence,Canton Vg PD,2008,8,0,8,2,1,3,10,1,11
St Lawrence,Canton Vg PD,2009,8,0,8,2,1,3,10,1,11
St Lawrence,Canton Vg PD,2010,8,0,8,2,1,3,10,1,11
St Lawrence,Canton Vg PD,2011,8,0,8,2,1,3,10,1,11
St Lawrence,Canton Vg PD,2012,7,0,7,2,1,3,9,1,10
St Lawrence,Canton Vg PD,2013,7,0,7,2,1,3,9,1,10
St Lawrence,Canton Vg PD,2014,9,0,9,1,2,3,10,2,12
St Lawrence,Canton Vg PD,2015,8,0,8,1,2,3,9,2,11
St Lawrence,Canton Vg PD,2016,9,0,9,1,2,3,10,2,12
St Lawrence,Canton Vg PD,2017,9,0,9,1,2,3,10,2,12
St Lawrence,Canton Vg PD,2018,10,0,10,1,2,3,11,2,13
St Lawrence,Canton Vg PD,2019,11,0,11,1,2,3,12,2,14
St Lawrence,Canton Vg PD,2021,9,0,9,1,3,4,10,3,13
St Lawrence,Canton Vg PD,2022,9,0,9,1,4,5,10,4,14
St Lawrence,Canton Vg PD,2023,10,0,10,1,2,3,11,2,13
St Lawrence,Gouverneur Vg PD,2007,8,0,8,4,1,5,12,1,13
St Lawrence,Gouverneur Vg PD,2008,8,0,8,4,1,5,12,1,13
St Lawrence,Gouverneur Vg PD,2009,6,0,6,3,3,6,9,3,12
St Lawrence,Gouverneur Vg PD,2010,5,1,6,3,3,6,8,4,12
St Lawrence,Gouverneur Vg PD,2011,5,1,6,2,5,7,7,6,13
St Lawrence,Gouverneur Vg PD,2013,6,0,6,2,4,6,8,4,12
St Lawrence,Gouverneur Vg PD,2014,5,0,5,3,3,6,8,3,11
St Lawrence,Gouverneur Vg PD,2015,6,0,6,3,3,6,9,3,12
St Lawrence,Gouverneur Vg PD,2016,6,0,6,3,3,6,9,3,12
St Lawrence,Gouverneur Vg PD,2017,6,0,6,3,2,5,9,2,11
St Lawrence,Gouverneur Vg PD,2018,5,0,5,3,2,5,8,2,10
St Lawrence,Gouverneur Vg PD,2019,6,0,6,3,3,6,9,3,12
St Lawrence,Gouverneur Vg PD,2021,6,0,6,3,4,7,9,4,13
St Lawrence,Gouverneur Vg PD,2022,6,0,6,3,1,4,9,1,10
St Lawrence,Gouverneur Vg PD,2023,5,0,5,3,1,4,8,1,9
St Lawrence,Massena Vg PD,2007,21,0,21,5,2,7,26,2,28
St Lawrence,Massena Vg PD,2008,21,0,21,5,1,6,26,1,27
St Lawrence,Massena Vg PD,2009,21,0,21,5,1,6,26,1,27
St Lawrence,Massena Vg PD,2010,21,0,21,5,1,6,26,1,27
St Lawrence,Massena Vg PD,2011,20,1,21,5,11,16,25,12,37
St Lawrence,Massena Vg PD,2012,20,1,21,5,11,16,25,12,37
St Lawrence,Massena Vg PD,2013,21,0,21,5,12,17,26,12,38
St Lawrence,Massena Vg PD,2014,20,0,20,5,12,17,25,12,37
St Lawrence,Massena Vg PD,2015,19,0,19,5,13,18,24,13,37
St Lawrence,Massena Vg PD,2016,19,0,19,5,12,17,24,12,36
St Lawrence,Massena Vg PD,2017,20,2,22,5,11,16,25,13,38
St Lawrence,Massena Vg PD,2018,20,3,23,5,11,16,25,14,39
St Lawrence,Massena Vg PD,2019,20,0,20,6,12,18,26,12,38
St Lawrence,Massena Vg PD,2021,19,3,22,5,8,13,24,11,35
St Lawrence,Massena Vg PD,2022,22,0,22,5,9,14,27,9,36
St Lawrence,Massena Vg PD,2023,22,0,22,5,9,14,27,9,36
St Lawrence,Norfolk Town PD,2007,0,9,9,0,0,0,0,9,9
St Lawrence,Norfolk Town PD,2008,0,8,8,0,0,0,0,8,8
St Lawrence,Norfolk Town PD,2009,0,8,8,0,0,0,0,8,8
St Lawrence,Norfolk Town PD,2010,0,7,7,0,1,1,0,8,8
St Lawrence,Norfolk Town PD,2011,0,10,10,0,0,0,0,10,10
St Lawrence,Norfolk Town PD,2012,0,10,10,0,0,0,0,10,10
St Lawrence,Norfolk Town PD,2013,0,10,10,0,0,0,0,10,10
St Lawrence,Norfolk Town PD,2014,0,11,11,0,0,0,0,11,11
St Lawrence,Norfolk Town PD,2015,0,13,13,0,0,0,0,13,13
St Lawrence,Norfolk Town PD,2016,0,11,11,0,0,0,0,11,11
St Lawrence,Norfolk Town PD,2017,0,13,13,0,0,0,0,13,13
St Lawrence,Norfolk Town PD,2018,0,11,11,0,0,0,0,11,11
St Lawrence,Norfolk Town PD,2019,0,10,10,0,0,0,0,10,10
St Lawrence,Norfolk Town PD,2020,0,8,8,0,0,0,0,8,8
St Lawrence,Norfolk Town PD,2021,0,7,7,0,0,0,0,7,7
St Lawrence,Norfolk Town PD,2022,0,7,7,0,0,0,0,7,7
St Lawrence,Norfolk Town PD,2023,0,5,5,0,0,0,0,5,5
St Lawrence,Norwood Vg PD,2007,0,11,11,0,0,0,0,11,11
St Lawrence,Norwood Vg PD,2008,0,10,10,0,0,0,0,10,10
St Lawrence,Norwood Vg PD,2009,0,11,11,0,0,0,0,11,11
St Lawrence,Norwood Vg PD,2010,0,10,10,0,0,0,0,10,10
St Lawrence,Norwood Vg PD,2011,0,11,11,0,0,0,0,11,11
St Lawrence,Norwood Vg PD,2012,0,9,9,0,0,0,0,9,9
St Lawrence,Norwood Vg PD,2015,0,9,9,0,0,0,0,9,9
St Lawrence,Norwood Vg PD,2016,0,7,7,0,0,0,0,7,7
St Lawrence,Norwood Vg PD,2017,0,7,7,0,0,0,0,7,7
St Lawrence,Norwood Vg PD,2018,0,8,8,0,0,0,0,8,8
St Lawrence,Norwood Vg PD,2019,0,10,10,0,0,0,0,10,10
St Lawrence,Norwood Vg PD,2020,0,9,9,0,0,0,0,9,9
St Lawrence,Norwood Vg PD,2021,0,7,7,0,0,0,0,7,7
St Lawrence,Norwood Vg PD,2022,0,6,6,0,0,0,0,6,6
St Lawrence,Norwood Vg PD,2023,0,7,7,0,0,0,0,7,7
St Lawrence,Ogdensburg City PD,2007,26,0,26,5,1,6,31,1,32
St Lawrence,Ogdensburg City PD,2008,25,0,25,5,2,7,30,2,32
St Lawrence,Ogdensburg City PD,2009,27,0,27,5,2,7,32,2,34
St Lawrence,Ogdensburg City PD,2010,24,0,24,4,3,7,28,3,31
St Lawrence,Ogdensburg City PD,2011,27,0,27,5,3,8,32,3,35
St Lawrence,Ogdensburg City PD,2012,26,0,26,4,3,7,30,3,33
St Lawrence,Ogdensburg City PD,2013,25,0,25,5,3,8,30,3,33
St Lawrence,Ogdensburg City PD,2014,27,0,27,5,3,8,32,3,35
St Lawrence,Ogdensburg City PD,2015,28,0,28,5,3,8,33,3,36
St Lawrence,Ogdensburg City PD,2016,25,0,25,5,3,8,30,3,33
St Lawrence,Ogdensburg City PD,2017,27,0,27,5,3,8,32,3,35
St Lawrence,Ogdensburg City PD,2018,27,0,27,4,2,6,31,2,33
St Lawrence,Ogdensburg City PD,2019,25,0,25,5,2,7,30,2,32
St Lawrence,Ogdensburg City PD,2021,19,0,19,3,1,4,22,1,23
St Lawrence,Ogdensburg City PD,2022,20,0,20,3,1,4,23,1,24
St Lawrence,Ogdensburg City PD,2023,19,0,19,2,0,2,21,0,21
St Lawrence,Potsdam Vg PD,2007,14,0,14,3,0,3,17,0,17
St Lawrence,Potsdam Vg PD,2008,14,1,15,4,0,4,18,1,19
St Lawrence,Potsdam Vg PD,2009,14,1,15,4,0,4,18,1,19
St Lawrence,Potsdam Vg PD,2010,14,2,16,4,0,4,18,2,20
St Lawrence,Potsdam Vg PD,2011,13,0,13,4,0,4,17,0,17
St Lawrence,Potsdam Vg PD,2012,14,0,14,4,0,4,18,0,18
St Lawrence,Potsdam Vg PD,2013,13,0,13,4,0,4,17,0,17
St Lawrence,Potsdam Vg PD,2014,12,0,12,4,0,4,16,0,16
St Lawrence,Potsdam Vg PD,2015,12,0,12,4,0,4,16,0,16
St Lawrence,Potsdam Vg PD,2016,13,0,13,3,1,4,16,1,17
St Lawrence,Potsdam Vg PD,2017,12,0,12,4,0,4,16,0,16
St Lawrence,Potsdam Vg PD,2018,14,0,14,4,0,4,18,0,18
St Lawrence,Potsdam Vg PD,2019,15,0,15,3,4,7,18,4,22
St Lawrence,Potsdam Vg PD,2020,15,0,15,4,0,4,19,0,19
St Lawrence,Potsdam Vg PD,2022,15,0,15,4,2,6,19,2,21
St Lawrence,Potsdam Vg PD,2023,13,0,13,4,2,6,17,2,19
St Lawrence,St Lawrence County Sheriff,2007,37,2,39,5,8,13,42,10,52
St Lawrence,St Lawrence County Sheriff,2008,34,0,34,1,0,1,35,0,35
St Lawrence,St Lawrence County Sheriff,2009,33,0,33,1,0,1,34,0,34
St Lawrence,St Lawrence County Sheriff,2010,33,0,33,1,0,1,34,0,34
St Lawrence,St Lawrence County Sheriff,2011,34,0,34,1,0,1,35,0,35
St Lawrence,St Lawrence County Sheriff,2012,33,0,33,1,0,1,34,0,34
St Lawrence,St Lawrence County Sheriff,2013,33,0,33,1,0,1,34,0,34
St Lawrence,St Lawrence County Sheriff,2014,33,0,33,1,0,1,34,0,34
St Lawrence,St Lawrence County Sheriff,2015,32,0,32,2,0,2,34,0,34
St Lawrence,St Lawrence County Sheriff,2016,31,2,33,2,0,2,33,2,35
St Lawrence,St Lawrence County Sheriff,2017,31,2,33,2,0,2,33,2,35
St Lawrence,St Lawrence County Sheriff,2018,31,2,33,0,0,0,31,2,33
St Lawrence,St Lawrence County Sheriff,2019,31,3,34,2,0,2,33,3,36
St Lawrence,St Lawrence County Sheriff,2020,32,3,35,2,0,2,34,3,37
St Lawrence,St Lawrence County Sheriff,2021,31,2,33,2,0,2,33,2,35
St Lawrence,St Lawrence County Sheriff,2022,37,1,38,5,0,5,42,1,43
St Lawrence,St Lawrence County Sheriff,2023,38,1,39,5,1,6,43,2,45
St Lawrence,SUNY Police - Canton,2007,10,0,10,1,0,1,11,0,11
St Lawrence,SUNY Police - Canton,2008,12,0,12,1,0,1,13,0,13
St Lawrence,SUNY Police - Canton,2009,8,0,8,1,0,1,9,0,9
St Lawrence,SUNY Police - Canton,2010,8,0,8,1,0,1,9,0,9
St Lawrence,SUNY Police - Canton,2011,9,0,9,1,0,1,10,0,10
St Lawrence,SUNY Police - Canton,2012,10,0,10,1,0,1,11,0,11
St Lawrence,SUNY Police - Canton,2013,9,1,10,1,0,1,10,1,11
St Lawrence,SUNY Police - Canton,2014,10,1,11,1,0,1,11,1,12
St Lawrence,SUNY Police - Canton,2015,9,0,9,1,0,1,10,0,10
St Lawrence,SUNY Police - Canton,2016,8,0,8,1,0,1,9,0,9
St Lawrence,SUNY Police - Canton,2017,10,0,10,1,0,1,11,0,11
St Lawrence,SUNY Police - Canton,2018,9,0,9,1,0,1,10,0,10
St Lawrence,SUNY Police - Canton,2019,8,0,8,1,0,1,9,0,9
St Lawrence,SUNY Police - Canton,2020,9,0,9,1,0,1,10,0,10
St Lawrence,SUNY Police - Canton,2021,10,0,10,1,0,1,11,0,11
St Lawrence,SUNY Police - Canton,2022,10,0,10,0,0,0,10,0,10
St Lawrence,SUNY Police - Canton,2023,10,0,10,0,0,0,10,0,10
St Lawrence,SUNY Police - Potsdam,2007,11,0,11,3,15,18,14,15,29
St Lawrence,SUNY Police - Potsdam,2008,12,0,12,2,15,17,14,15,29
St Lawrence,SUNY Police - Potsdam,2009,12,0,12,2,17,19,14,17,31
St Lawrence,SUNY Police - Potsdam,2010,11,0,11,2,17,19,13,17,30
St Lawrence,SUNY Police - Potsdam,2011,12,0,12,2,13,15,14,13,27
St Lawrence,SUNY Police - Potsdam,2012,12,0,12,2,13,15,14,13,27
St Lawrence,SUNY Police - Potsdam,2013,12,0,12,2,11,13,14,11,25
St Lawrence,SUNY Police - Potsdam,2014,12,0,12,2,15,17,14,15,29
St Lawrence,SUNY Police - Potsdam,2015,11,0,11,3,12,15,14,12,26
St Lawrence,SUNY Police - Potsdam,2016,9,0,9,3,10,13,12,10,22
St Lawrence,SUNY Police - Potsdam,2017,12,0,12,2,12,14,14,12,26
St Lawrence,SUNY Police - Potsdam,2018,12,0,12,3,11,14,15,11,26
St Lawrence,SUNY Police - Potsdam,2019,12,0,12,3,14,17,15,14,29
St Lawrence,SUNY Police - Potsdam,2020,11,0,11,3,10,13,14,10,24
St Lawrence,SUNY Police - Potsdam,2021,10,0,10,3,8,11,13,8,21
St Lawrence,SUNY Police - Potsdam,2022,10,0,10,4,16,20,14,16,30
Steuben,Addison Vg PD,2007,2,5,7,0,0,0,2,5,7
Steuben,Addison Vg PD,2008,1,4,5,0,0,0,1,4,5
Steuben,Addison Vg PD,2009,2,3,5,0,0,0,2,3,5
Steuben,Addison Vg PD,2010,2,5,7,0,0,0,2,5,7
Steuben,Addison Vg PD,2011,3,4,7,0,0,0,3,4,7
Steuben,Addison Vg PD,2012,3,5,8,0,0,0,3,5,8
Steuben,Addison Vg PD,2013,3,5,8,0,0,0,3,5,8
Steuben,Addison Vg PD,2014,3,4,7,0,0,0,3,4,7
Steuben,Addison Vg PD,2015,8,8,16,0,0,0,8,8,16
Steuben,Addison Vg PD,2016,3,4,7,0,0,0,3,4,7
Steuben,Addison Vg PD,2017,3,4,7,0,0,0,3,4,7
Steuben,Addison Vg PD,2018,3,3,6,0,0,0,3,3,6
Steuben,Addison Vg PD,2019,3,3,6,0,0,0,3,3,6
Steuben,Addison Vg PD,2020,3,3,6,0,0,0,3,3,6
Steuben,Addison Vg PD,2021,3,3,6,0,0,0,3,3,6
Steuben,Addison Vg PD,2022,3,3,6,0,0,0,3,3,6
Steuben,Addison Vg PD,2023,2,2,4,0,0,0,2,2,4
Steuben,Bath Vg PD,2008,12,8,20,2,10,12,14,18,32
Steuben,Bath Vg PD,2009,12,5,17,2,10,12,14,15,29
Steuben,Bath Vg PD,2010,12,5,17,2,10,12,14,15,29
Steuben,Bath Vg PD,2011,10,6,16,2,8,10,12,14,26
Steuben,Bath Vg PD,2012,10,6,16,2,8,10,12,14,26
Steuben,Bath Vg PD,2013,10,4,14,2,7,9,12,11,23
Steuben,Bath Vg PD,2014,9,7,16,2,7,9,11,14,25
Steuben,Bath Vg PD,2015,9,8,17,2,6,8,11,14,25
Steuben,Bath Vg PD,2016,9,8,17,2,5,7,11,13,24
Steuben,Bath Vg PD,2017,9,7,16,2,5,7,11,12,23
Steuben,Bath Vg PD,2018,10,6,16,1,4,5,11,10,21
Steuben,Bath Vg PD,2019,10,6,16,1,4,5,11,10,21
Steuben,Bath Vg PD,2023,11,2,13,1,3,4,12,5,17
Steuben,Canisteo Vg PD,2008,2,4,6,0,0,0,2,4,6
Steuben,Canisteo Vg PD,2009,2,3,5,0,0,0,2,3,5
Steuben,Canisteo Vg PD,2010,1,2,3,0,0,0,1,2,3
Steuben,Canisteo Vg PD,2011,2,3,5,0,0,0,2,3,5
Steuben,Canisteo Vg PD,2012,2,2,4,0,0,0,2,2,4
Steuben,Canisteo Vg PD,2013,1,4,5,0,0,0,1,4,5
Steuben,Canisteo Vg PD,2014,2,4,6,0,0,0,2,4,6
Steuben,Canisteo Vg PD,2015,3,3,6,0,0,0,3,3,6
Steuben,Canisteo Vg PD,2016,3,5,8,0,0,0,3,5,8
Steuben,Canisteo Vg PD,2017,3,4,7,0,0,0,3,4,7
Steuben,Canisteo Vg PD,2018,2,5,7,0,0,0,2,5,7
Steuben,Canisteo Vg PD,2019,2,7,9,0,0,0,2,7,9
Steuben,Canisteo Vg PD,2020,3,5,8,0,0,0,3,5,8
Steuben,Canisteo Vg PD,2021,2,5,7,0,0,0,2,5,7
Steuben,Canisteo Vg PD,2022,2,7,9,0,0,0,2,7,9
Steuben,Canisteo Vg PD,2023,2,3,5,0,0,0,2,3,5
Steuben,Corning City PD,2007,23,0,23,4,3,7,27,3,30
Steuben,Corning City PD,2008,22,0,22,4,4,8,26,4,30
Steuben,Corning City PD,2009,23,0,23,4,16,20,27,16,43
Steuben,Corning City PD,2010,20,0,20,4,15,19,24,15,39
Steuben,Corning City PD,2011,21,0,21,4,12,16,25,12,37
Steuben,Corning City PD,2012,21,0,21,4,6,10,25,6,31
Steuben,Corning City PD,2013,19,0,19,4,5,9,23,5,28
Steuben,Corning City PD,2014,21,0,21,4,4,8,25,4,29
Steuben,Corning City PD,2015,21,0,21,4,9,13,25,9,34
Steuben,Corning City PD,2016,20,0,20,4,7,11,24,7,31
Steuben,Corning City PD,2017,20,0,20,4,8,12,24,8,32
Steuben,Corning City PD,2018,19,0,19,4,7,11,23,7,30
Steuben,Corning City PD,2019,20,0,20,4,6,10,24,6,30
Steuben,Corning City PD,2020,21,0,21,4,7,11,25,7,32
Steuben,Corning City PD,2021,21,0,21,4,8,12,25,8,33
Steuben,Corning City PD,2022,20,0,20,4,8,12,24,8,32
Steuben,Corning City PD,2023,20,0,20,4,5,9,24,5,29
Steuben,Hammondsport Vg PD,2007,1,2,3,0,0,0,1,2,3
Steuben,Hammondsport Vg PD,2009,1,2,3,0,0,0,1,2,3
Steuben,Hammondsport Vg PD,2010,0,1,1,0,0,0,0,1,1
Steuben,Hammondsport Vg PD,2011,0,2,2,0,0,0,0,2,2
Steuben,Hammondsport Vg PD,2012,0,2,2,0,0,0,0,2,2
Steuben,Hammondsport Vg PD,2013,0,2,2,0,0,0,0,2,2
Steuben,Hammondsport Vg PD,2014,0,2,2,0,0,0,0,2,2
Steuben,Hammondsport Vg PD,2015,0,2,2,0,0,0,0,2,2
Steuben,Hammondsport Vg PD,2016,0,2,2,0,0,0,0,2,2
Steuben,Hammondsport Vg PD,2017,0,2,2,0,0,0,0,2,2
Steuben,Hammondsport Vg PD,2018,0,2,2,0,0,0,0,2,2
Steuben,Hammondsport Vg PD,2019,0,2,2,0,0,0,0,2,2
Steuben,Hammondsport Vg PD,2020,0,3,3,0,0,0,0,3,3
Steuben,Hammondsport Vg PD,2021,0,4,4,0,0,0,0,4,4
Steuben,Hammondsport Vg PD,2022,1,3,4,0,0,0,1,3,4
Steuben,Hammondsport Vg PD,2023,1,3,4,0,0,0,1,3,4
Steuben,Hornell City PD,2007,22,0,22,1,0,1,23,0,23
Steuben,Hornell City PD,2008,19,0,19,1,8,9,20,8,28
Steuben,Hornell City PD,2009,20,0,20,1,9,10,21,9,30
Steuben,Hornell City PD,2010,20,0,20,1,9,10,21,9,30
Steuben,Hornell City PD,2011,21,0,21,1,8,9,22,8,30
Steuben,Hornell City PD,2012,22,0,22,1,8,9,23,8,31
Steuben,Hornell City PD,2013,23,2,25,1,7,8,24,9,33
Steuben,Hornell City PD,2014,22,0,22,1,7,8,23,7,30
Steuben,Hornell City PD,2015,22,0,22,1,7,8,23,7,30
Steuben,Hornell City PD,2016,22,0,22,1,6,7,23,6,29
Steuben,Hornell City PD,2017,22,0,22,1,6,7,23,6,29
Steuben,Hornell City PD,2018,21,0,21,1,0,1,22,0,22
Steuben,Hornell City PD,2021,21,0,21,1,0,1,22,0,22
Steuben,Hornell City PD,2022,22,0,22,1,0,1,23,0,23
Steuben,Hornell City PD,2023,23,0,23,1,0,1,24,0,24
Steuben,Painted Post Vg PD,2007,5,4,9,0,0,0,5,4,9
Steuben,Painted Post Vg PD,2008,4,5,9,0,0,0,4,5,9
Steuben,Painted Post Vg PD,2009,4,5,9,0,0,0,4,5,9
Steuben,Painted Post Vg PD,2010,3,5,8,0,0,0,3,5,8
Steuben,Painted Post Vg PD,2011,3,4,7,0,0,0,3,4,7
Steuben,Painted Post Vg PD,2012,3,5,8,0,0,0,3,5,8
Steuben,Painted Post Vg PD,2013,2,5,7,0,0,0,2,5,7
Steuben,Painted Post Vg PD,2014,2,4,6,0,0,0,2,4,6
Steuben,Painted Post Vg PD,2015,3,8,11,0,0,0,3,8,11
Steuben,Painted Post Vg PD,2016,3,6,9,0,0,0,3,6,9
Steuben,Painted Post Vg PD,2017,2,5,7,0,0,0,2,5,7
Steuben,Painted Post Vg PD,2018,1,6,7,0,0,0,1,6,7
Steuben,Painted Post Vg PD,2019,1,6,7,0,0,0,1,6,7
Steuben,Painted Post Vg PD,2020,1,6,7,0,0,0,1,6,7
Steuben,Painted Post Vg PD,2023,2,5,7,0,0,0,2,5,7
Steuben,Steuben County Sheriff,2007,40,3,43,10,15,25,50,18,68
Steuben,Steuben County Sheriff,2008,40,11,51,14,2,16,54,13,67
Steuben,Steuben County Sheriff,2009,42,4,46,12,15,27,54,19,73
Steuben,Steuben County Sheriff,2010,43,4,47,12,15,27,55,19,74
Steuben,Steuben County Sheriff,2011,37,5,42,17,23,40,54,28,82
Steuben,Steuben County Sheriff,2012,40,4,44,12,15,27,52,19,71
Steuben,Steuben County Sheriff,2013,41,12,53,15,16,31,56,28,84
Steuben,Steuben County Sheriff,2014,41,13,54,15,17,32,56,30,86
Steuben,Steuben County Sheriff,2015,39,13,52,13,16,29,52,29,81
Steuben,Steuben County Sheriff,2016,39,13,52,11,16,27,50,29,79
Steuben,Steuben County Sheriff,2017,46,12,58,14,19,33,60,31,91
Steuben,Steuben County Sheriff,2018,34,24,58,16,5,21,50,29,79
Steuben,Steuben County Sheriff,2019,35,35,70,13,3,16,48,38,86
Steuben,Steuben County Sheriff,2020,40,33,73,13,3,16,53,36,89
Steuben,Steuben County Sheriff,2021,38,36,74,13,2,15,51,38,89
Steuben,Steuben County Sheriff,2022,40,23,63,10,0,10,50,23,73
Steuben,Steuben County Sheriff,2023,39,20,59,9,0,9,48,20,68
Steuben,Wayland Vg PD,2007,2,5,7,0,2,2,2,7,9
Steuben,Wayland Vg PD,2008,1,6,7,0,2,2,1,8,9
Steuben,Wayland Vg PD,2010,2,3,5,0,2,2,2,5,7
Steuben,Wayland Vg PD,2011,1,4,5,0,2,2,1,6,7
Steuben,Wayland Vg PD,2012,1,6,7,0,1,1,1,7,8
Steuben,Wayland Vg PD,2013,1,5,6,0,1,1,1,6,7
Steuben,Wayland Vg PD,2014,1,6,7,0,1,1,1,7,8
Steuben,Wayland Vg PD,2015,1,6,7,0,1,1,1,7,8
Steuben,Wayland Vg PD,2016,1,6,7,0,1,1,1,7,8
Steuben,Wayland Vg PD,2017,1,4,5,0,1,1,1,5,6
Steuben,Wayland Vg PD,2018,1,1,2,0,1,1,1,2,3
Steuben,Wayland Vg PD,2019,0,6,6,0,1,1,0,7,7
Steuben,Wayland Vg PD,2022,0,6,6,0,0,0,0,6,6
Steuben,Wayland Vg PD,2023,0,7,7,0,0,0,0,7,7
Suffolk,Amityville Vg PD,2007,26,0,26,3,0,3,29,0,29
Suffolk,Amityville Vg PD,2008,25,1,26,2,1,3,27,2,29
Suffolk,Amityville Vg PD,2009,27,1,28,2,0,2,29,1,30
Suffolk,Amityville Vg PD,2010,27,1,28,2,1,3,29,2,31
Suffolk,Amityville Vg PD,2011,26,1,27,2,1,3,28,2,30
Suffolk,Amityville Vg PD,2012,23,1,24,1,2,3,24,3,27
Suffolk,Amityville Vg PD,2013,23,3,26,1,2,3,24,5,29
Suffolk,Amityville Vg PD,2014,24,5,29,1,18,19,25,23,48
Suffolk,Amityville Vg PD,2015,21,0,21,2,0,2,23,0,23
Suffolk,Amityville Vg PD,2016,22,1,23,1,0,1,23,1,24
Suffolk,Amityville Vg PD,2017,23,0,23,1,0,1,24,0,24
Suffolk,Amityville Vg PD,2018,23,0,23,1,0,1,24,0,24
Suffolk,Amityville Vg PD,2019,24,0,24,1,0,1,25,0,25
Suffolk,Amityville Vg PD,2020,21,0,21,1,0,1,22,0,22
Suffolk,Amityville Vg PD,2021,24,0,24,1,0,1,25,0,25
Suffolk,Amityville Vg PD,2022,25,0,25,1,0,1,26,0,26
Suffolk,Amityville Vg PD,2023,26,0,26,1,0,1,27,0,27
Suffolk,Asharoken Vg PD,2007,3,8,11,0,0,0,3,8,11
Suffolk,Asharoken Vg PD,2008,3,8,11,0,0,0,3,8,11
Suffolk,Asharoken Vg PD,2009,3,8,11,0,0,0,3,8,11
Suffolk,Asharoken Vg PD,2010,3,8,11,0,0,0,3,8,11
Suffolk,Asharoken Vg PD,2011,3,8,11,0,0,0,3,8,11
Suffolk,Asharoken Vg PD,2012,3,8,11,0,0,0,3,8,11
Suffolk,Asharoken Vg PD,2013,3,9,12,0,0,0,3,9,12
Suffolk,Asharoken Vg PD,2014,3,9,12,0,0,0,3,9,12
Suffolk,Asharoken Vg PD,2015,3,9,12,0,0,0,3,9,12
Suffolk,Asharoken Vg PD,2016,3,10,13,0,0,0,3,10,13
Suffolk,Asharoken Vg PD,2017,3,11,14,0,0,0,3,11,14
Suffolk,Asharoken Vg PD,2018,2,12,14,0,0,0,2,12,14
Suffolk,Asharoken Vg PD,2019,3,12,15,0,0,0,3,12,15
Suffolk,Asharoken Vg PD,2020,3,12,15,0,0,0,3,12,15
Suffolk,Asharoken Vg PD,2021,3,12,15,0,0,0,3,12,15
Suffolk,Asharoken Vg PD,2022,3,10,13,0,0,0,3,10,13
Suffolk,Asharoken Vg PD,2023,3,11,14,0,0,0,3,11,14
Suffolk,East Hampton Town PD,2007,61,1,62,26,1,27,87,2,89
Suffolk,East Hampton Town PD,2008,64,0,64,26,1,27,90,1,91
Suffolk,East Hampton Town PD,2009,64,0,64,26,1,27,90,1,91
Suffolk,East Hampton Town PD,2010,62,1,63,26,0,26,88,1,89
Suffolk,East Hampton Town PD,2011,64,1,65,26,0,26,90,1,91
Suffolk,East Hampton Town PD,2012,63,4,67,24,0,24,87,4,91
Suffolk,East Hampton Town PD,2013,63,4,67,22,0,22,85,4,89
Suffolk,East Hampton Town PD,2014,65,4,69,25,0,25,90,4,94
Suffolk,East Hampton Town PD,2015,63,4,67,24,0,24,87,4,91
Suffolk,East Hampton Town PD,2016,68,2,70,24,0,24,92,2,94
Suffolk,East Hampton Town PD,2017,69,2,71,25,0,25,94,2,96
Suffolk,East Hampton Town PD,2018,67,1,68,25,0,25,92,1,93
Suffolk,East Hampton Town PD,2019,66,1,67,23,14,37,89,15,104
Suffolk,East Hampton Town PD,2020,65,1,66,27,16,43,92,17,109
Suffolk,East Hampton Town PD,2021,63,2,65,26,10,36,89,12,101
Suffolk,East Hampton Town PD,2022,63,5,68,27,4,31,90,9,99
Suffolk,East Hampton Town PD,2023,65,4,69,26,3,29,91,7,98
Suffolk,East Hampton Vg PD,2008,26,4,30,5,0,5,31,4,35
Suffolk,East Hampton Vg PD,2009,26,4,30,5,0,5,31,4,35
Suffolk,East Hampton Vg PD,2010,24,2,26,5,0,5,29,2,31
Suffolk,East Hampton Vg PD,2011,23,1,24,5,0,5,28,1,29
Suffolk,East Hampton Vg PD,2012,23,0,23,5,0,5,28,0,28
Suffolk,East Hampton Vg PD,2013,23,3,26,5,0,5,28,3,31
Suffolk,East Hampton Vg PD,2014,22,3,25,5,0,5,27,3,30
Suffolk,East Hampton Vg PD,2015,23,2,25,5,0,5,28,2,30
Suffolk,East Hampton Vg PD,2016,23,1,24,4,0,4,27,1,28
Suffolk,East Hampton Vg PD,2017,22,3,25,4,0,4,26,3,29
Suffolk,East Hampton Vg PD,2018,23,2,25,3,0,3,26,2,28
Suffolk,East Hampton Vg PD,2019,24,3,27,5,0,5,29,3,32
Suffolk,East Hampton Vg PD,2020,24,5,29,5,0,5,29,5,34
Suffolk,East Hampton Vg PD,2021,26,1,27,5,0,5,31,1,32
Suffolk,East Hampton Vg PD,2022,26,0,26,4,0,4,30,0,30
Suffolk,East Hampton Vg PD,2023,24,0,24,3,0,3,27,0,27
Suffolk,Head-of-the-Harbor Vg PD,2008,0,21,21,0,0,0,0,21,21
Suffolk,Head-of-the-Harbor Vg PD,2010,0,22,22,0,0,0,0,22,22
Suffolk,Head-of-the-Harbor Vg PD,2011,0,24,24,0,0,0,0,24,24
Suffolk,Head-of-the-Harbor Vg PD,2018,0,23,23,0,0,0,0,23,23
Suffolk,Head-of-the-Harbor Vg PD,2019,0,27,27,0,0,0,0,27,27
Suffolk,Head-of-the-Harbor Vg PD,2020,0,28,28,0,0,0,0,28,28
Suffolk,Head-of-the-Harbor Vg PD,2021,0,28,28,0,0,0,0,28,28
Suffolk,Head-of-the-Harbor Vg PD,2023,0,32,32,0,0,0,0,32,32
Suffolk,Huntington Bay Vg PD,2007,6,4,10,0,0,0,6,4,10
Suffolk,Huntington Bay Vg PD,2008,6,4,10,0,0,0,6,4,10
Suffolk,Huntington Bay Vg PD,2009,6,5,11,0,0,0,6,5,11
Suffolk,Huntington Bay Vg PD,2010,6,6,12,0,0,0,6,6,12
Suffolk,Huntington Bay Vg PD,2011,6,6,12,0,0,0,6,6,12
Suffolk,Huntington Bay Vg PD,2012,4,9,13,0,0,0,4,9,13
Suffolk,Huntington Bay Vg PD,2013,4,9,13,0,0,0,4,9,13
Suffolk,Huntington Bay Vg PD,2014,4,11,15,0,0,0,4,11,15
Suffolk,Huntington Bay Vg PD,2015,4,11,15,0,0,0,4,11,15
Suffolk,Huntington Bay Vg PD,2016,4,11,15,0,0,0,4,11,15
Suffolk,Huntington Bay Vg PD,2017,4,10,14,0,0,0,4,10,14
Suffolk,Huntington Bay Vg PD,2018,4,11,15,0,0,0,4,11,15
Suffolk,Huntington Bay Vg PD,2019,4,11,15,0,0,0,4,11,15
Suffolk,Huntington Bay Vg PD,2020,4,10,14,0,0,0,4,10,14
Suffolk,Huntington Bay Vg PD,2021,5,10,15,0,0,0,5,10,15
Suffolk,Huntington Bay Vg PD,2022,5,8,13,0,0,0,5,8,13
Suffolk,Huntington Bay Vg PD,2023,5,7,12,0,0,0,5,7,12
Suffolk,Lloyd Harbor Vg PD,2007,12,0,12,1,2,3,13,2,15
Suffolk,Lloyd Harbor Vg PD,2008,13,0,13,1,2,3,14,2,16
Suffolk,Lloyd Harbor Vg PD,2009,13,0,13,1,1,2,14,1,15
Suffolk,Lloyd Harbor Vg PD,2010,13,0,13,1,1,2,14,1,15
Suffolk,Lloyd Harbor Vg PD,2011,13,0,13,1,1,2,14,1,15
Suffolk,Lloyd Harbor Vg PD,2012,12,0,12,1,1,2,13,1,14
Suffolk,Lloyd Harbor Vg PD,2013,12,0,12,1,1,2,13,1,14
Suffolk,Lloyd Harbor Vg PD,2014,12,0,12,1,1,2,13,1,14
Suffolk,Lloyd Harbor Vg PD,2015,11,0,11,1,1,2,12,1,13
Suffolk,Lloyd Harbor Vg PD,2016,12,0,12,1,0,1,13,0,13
Suffolk,Lloyd Harbor Vg PD,2017,11,0,11,0,0,0,11,0,11
Suffolk,Lloyd Harbor Vg PD,2018,12,0,12,2,0,2,14,0,14
Suffolk,Lloyd Harbor Vg PD,2019,12,0,12,2,0,2,14,0,14
Suffolk,Lloyd Harbor Vg PD,2020,13,0,13,1,1,2,14,1,15
Suffolk,Lloyd Harbor Vg PD,2021,13,0,13,1,1,2,14,1,15
Suffolk,Lloyd Harbor Vg PD,2022,13,0,13,1,0,1,14,0,14
Suffolk,Lloyd Harbor Vg PD,2023,12,0,12,1,0,1,13,0,13
Suffolk,Nissequogue Vg PD,2007,3,15,18,0,0,0,3,15,18
Suffolk,Nissequogue Vg PD,2008,3,16,19,0,0,0,3,16,19
Suffolk,Nissequogue Vg PD,2009,3,16,19,0,0,0,3,16,19
Suffolk,Nissequogue Vg PD,2010,3,15,18,0,0,0,3,15,18
Suffolk,Nissequogue Vg PD,2011,3,12,15,0,0,0,3,12,15
Suffolk,Nissequogue Vg PD,2013,3,14,17,0,0,0,3,14,17
Suffolk,Nissequogue Vg PD,2014,3,14,17,0,0,0,3,14,17
Suffolk,Nissequogue Vg PD,2015,2,17,19,0,0,0,2,17,19
Suffolk,Nissequogue Vg PD,2016,2,16,18,0,0,0,2,16,18
Suffolk,Nissequogue Vg PD,2017,1,16,17,0,0,0,1,16,17
Suffolk,Nissequogue Vg PD,2018,1,20,21,0,0,0,1,20,21
Suffolk,Nissequogue Vg PD,2019,1,22,23,0,0,0,1,22,23
Suffolk,Nissequogue Vg PD,2020,0,22,22,0,0,0,0,22,22
Suffolk,Nissequogue Vg PD,2021,0,22,22,0,0,0,0,22,22
Suffolk,Nissequogue Vg PD,2022,0,24,24,0,0,0,0,24,24
Suffolk,Nissequogue Vg PD,2023,0,22,22,0,0,0,0,22,22
Suffolk,Northport Vg PD,2007,15,5,20,4,6,10,19,11,30
Suffolk,Northport Vg PD,2008,15,5,20,4,16,20,19,21,40
Suffolk,Northport Vg PD,2009,15,5,20,4,12,16,19,17,36
Suffolk,Northport Vg PD,2010,15,5,20,4,12,16,19,17,36
Suffolk,Northport Vg PD,2011,15,5,20,4,5,9,19,10,29
Suffolk,Northport Vg PD,2012,15,5,20,4,12,16,19,17,36
Suffolk,Northport Vg PD,2013,17,5,22,4,8,12,21,13,34
Suffolk,Northport Vg PD,2014,16,5,21,4,8,12,20,13,33
Suffolk,Northport Vg PD,2015,17,6,23,4,0,4,21,6,27
Suffolk,Northport Vg PD,2016,17,6,23,4,0,4,21,6,27
Suffolk,Northport Vg PD,2017,17,5,22,5,9,14,22,14,36
Suffolk,Northport Vg PD,2018,17,5,22,4,0,4,21,5,26
Suffolk,Northport Vg PD,2019,17,5,22,4,1,5,21,6,27
Suffolk,Northport Vg PD,2020,17,5,22,4,8,12,21,13,34
Suffolk,Northport Vg PD,2021,17,6,23,5,5,10,22,11,33
Suffolk,Northport Vg PD,2022,18,5,23,3,7,10,21,12,33
Suffolk,Northport Vg PD,2023,18,6,24,2,6,8,20,12,32
Suffolk,Ocean Beach Vg PD,2007,2,23,25,0,5,5,2,28,30
Suffolk,Ocean Beach Vg PD,2008,4,20,24,0,5,5,4,25,29
Suffolk,Ocean Beach Vg PD,2009,4,21,25,0,6,6,4,27,31
Suffolk,Ocean Beach Vg PD,2010,5,22,27,0,8,8,5,30,35
Suffolk,Ocean Beach Vg PD,2012,4,23,27,0,9,9,4,32,36
Suffolk,Ocean Beach Vg PD,2013,4,27,31,0,9,9,4,36,40
Suffolk,Ocean Beach Vg PD,2014,4,27,31,0,9,9,4,36,40
Suffolk,Ocean Beach Vg PD,2015,4,27,31,0,9,9,4,36,40
Suffolk,Ocean Beach Vg PD,2016,4,21,25,0,9,9,4,30,34
Suffolk,Ocean Beach Vg PD,2017,4,25,29,0,9,9,4,34,38
Suffolk,Ocean Beach Vg PD,2018,4,26,30,0,11,11,4,37,41
Suffolk,Ocean Beach Vg PD,2019,4,25,29,0,12,12,4,37,41
Suffolk,Ocean Beach Vg PD,2020,4,34,38,0,5,5,4,39,43
Suffolk,Ocean Beach Vg PD,2022,4,36,40,0,13,13,4,49,53
Suffolk,Ocean Beach Vg PD,2023,4,36,40,0,13,13,4,49,53
Suffolk,Quogue Vg PD,2007,13,6,19,0,1,1,13,7,20
Suffolk,Quogue Vg PD,2008,13,7,20,1,0,1,14,7,21
Suffolk,Quogue Vg PD,2009,13,8,21,1,0,1,14,8,22
Suffolk,Quogue Vg PD,2010,13,5,18,1,0,1,14,5,19
Suffolk,Quogue Vg PD,2011,13,6,19,1,0,1,14,6,20
Suffolk,Quogue Vg PD,2012,13,6,19,1,0,1,14,6,20
Suffolk,Quogue Vg PD,2013,13,5,18,1,0,1,14,5,19
Suffolk,Quogue Vg PD,2014,13,7,20,1,0,1,14,7,21
Suffolk,Quogue Vg PD,2015,13,7,20,1,2,3,14,9,23
Suffolk,Quogue Vg PD,2016,13,6,19,1,0,1,14,6,20
Suffolk,Quogue Vg PD,2017,13,6,19,1,0,1,14,6,20
Suffolk,Quogue Vg PD,2018,13,6,19,1,2,3,14,8,22
Suffolk,Quogue Vg PD,2019,14,4,18,1,1,2,15,5,20
Suffolk,Quogue Vg PD,2020,14,4,18,1,0,1,15,4,19
Suffolk,Quogue Vg PD,2021,13,7,20,1,1,2,14,8,22
Suffolk,Quogue Vg PD,2022,14,6,20,1,0,1,15,6,21
Suffolk,Quogue Vg PD,2023,14,4,18,1,1,2,15,5,20
Suffolk,Riverhead Town PD,2007,84,0,84,22,0,22,106,0,106
Suffolk,Riverhead Town PD,2008,85,0,85,20,4,24,105,4,109
Suffolk,Riverhead Town PD,2009,83,4,87,15,10,25,98,14,112
Suffolk,Riverhead Town PD,2010,85,6,91,15,5,20,100,11,111
Suffolk,Riverhead Town PD,2011,85,8,93,14,5,19,99,13,112
Suffolk,Riverhead Town PD,2012,85,12,97,16,5,21,101,17,118
Suffolk,Riverhead Town PD,2013,83,11,94,16,4,20,99,15,114
Suffolk,Riverhead Town PD,2014,82,13,95,15,6,21,97,19,116
Suffolk,Riverhead Town PD,2015,83,14,97,14,5,19,97,19,116
Suffolk,Riverhead Town PD,2016,85,13,98,18,6,24,103,19,122
Suffolk,Riverhead Town PD,2017,89,16,105,17,6,23,106,22,128
Suffolk,Riverhead Town PD,2018,85,13,98,16,7,23,101,20,121
Suffolk,Riverhead Town PD,2019,87,7,94,15,38,53,102,45,147
Suffolk,Riverhead Town PD,2020,79,11,90,15,24,39,94,35,129
Suffolk,Riverhead Town PD,2021,90,8,98,16,9,25,106,17,123
Suffolk,Riverhead Town PD,2022,89,10,99,17,8,25,106,18,124
Suffolk,Riverhead Town PD,2023,95,11,106,18,17,35,113,28,141
Suffolk,Sag Harbor Vg PD,2007,12,4,16,1,0,1,13,4,17
Suffolk,Sag Harbor Vg PD,2008,13,2,15,1,1,2,14,3,17
Suffolk,Sag Harbor Vg PD,2009,12,4,16,1,0,1,13,4,17
Suffolk,Sag Harbor Vg PD,2010,14,3,17,1,0,1,15,3,18
Suffolk,Sag Harbor Vg PD,2011,14,2,16,1,0,1,15,2,17
Suffolk,Sag Harbor Vg PD,2012,13,3,16,1,0,1,14,3,17
Suffolk,Sag Harbor Vg PD,2013,11,2,13,1,0,1,12,2,14
Suffolk,Sag Harbor Vg PD,2014,9,4,13,1,0,1,10,4,14
Suffolk,Sag Harbor Vg PD,2015,11,5,16,1,0,1,12,5,17
Suffolk,Sag Harbor Vg PD,2016,13,3,16,2,0,2,15,3,18
Suffolk,Sag Harbor Vg PD,2017,12,3,15,2,0,2,14,3,17
Suffolk,Sag Harbor Vg PD,2018,12,2,14,1,1,2,13,3,16
Suffolk,Sag Harbor Vg PD,2019,11,6,17,1,0,1,12,6,18
Suffolk,Sag Harbor Vg PD,2020,12,5,17,1,6,7,13,11,24
Suffolk,Sag Harbor Vg PD,2021,12,2,14,0,0,0,12,2,14
Suffolk,Sag Harbor Vg PD,2022,12,5,17,1,0,1,13,5,18
Suffolk,Sag Harbor Vg PD,2023,13,3,16,1,4,5,14,7,21
Suffolk,Shelter Island Town PD,2007,9,3,12,1,2,3,10,5,15
Suffolk,Shelter Island Town PD,2008,9,2,11,1,3,4,10,5,15
Suffolk,Shelter Island Town PD,2009,9,2,11,1,5,6,10,7,17
Suffolk,Shelter Island Town PD,2010,9,3,12,1,5,6,10,8,18
Suffolk,Shelter Island Town PD,2011,9,1,10,1,8,9,10,9,19
Suffolk,Shelter Island Town PD,2012,9,3,12,1,3,4,10,6,16
Suffolk,Shelter Island Town PD,2013,9,3,12,1,3,4,10,6,16
Suffolk,Shelter Island Town PD,2014,9,3,12,1,3,4,10,6,16
Suffolk,Shelter Island Town PD,2015,9,3,12,1,3,4,10,6,16
Suffolk,Shelter Island Town PD,2016,9,3,12,2,5,7,11,8,19
Suffolk,Shelter Island Town PD,2017,9,3,12,1,2,3,10,5,15
Suffolk,Shelter Island Town PD,2018,8,3,11,1,2,3,9,5,14
Suffolk,Shelter Island Town PD,2019,9,3,12,1,2,3,10,5,15
Suffolk,Shelter Island Town PD,2020,10,3,13,1,2,3,11,5,16
Suffolk,Shelter Island Town PD,2021,12,2,14,1,3,4,13,5,18
Suffolk,Shelter Island Town PD,2022,12,3,15,2,2,4,14,5,19
Suffolk,Shelter Island Town PD,2023,12,2,14,2,1,3,14,3,17
Suffolk,Southampton Town PD,2007,103,16,119,15,25,40,118,41,159
Suffolk,Southampton Town PD,2008,108,19,127,47,46,93,155,65,220
Suffolk,Southampton Town PD,2009,98,17,115,40,45,85,138,62,200
Suffolk,Southampton Town PD,2010,106,19,125,19,37,56,125,56,181
Suffolk,Southampton Town PD,2011,99,19,118,38,39,77,137,58,195
Suffolk,Southampton Town PD,2012,85,11,96,34,33,67,119,44,163
Suffolk,Southampton Town PD,2013,89,17,106,28,40,68,117,57,174
Suffolk,Southampton Town PD,2014,92,15,107,33,45,78,125,60,185
Suffolk,Southampton Town PD,2015,91,20,111,34,32,66,125,52,177
Suffolk,Southampton Town PD,2016,94,15,109,32,2,34,126,17,143
Suffolk,Southampton Town PD,2017,95,14,109,13,30,43,108,44,152
Suffolk,Southampton Town PD,2018,98,13,111,33,0,33,131,13,144
Suffolk,Southampton Town PD,2019,98,13,111,41,32,73,139,45,184
Suffolk,Southampton Town PD,2020,99,15,114,45,28,73,144,43,187
Suffolk,Southampton Town PD,2021,99,12,111,38,30,68,137,42,179
Suffolk,Southampton Town PD,2022,101,14,115,39,25,64,140,39,179
Suffolk,Southampton Town PD,2023,104,24,128,37,26,63,141,50,191
Suffolk,Southampton Vg PD,2008,33,3,36,11,17,28,44,20,64
Suffolk,Southampton Vg PD,2009,31,3,34,11,12,23,42,15,57
Suffolk,Southampton Vg PD,2010,31,3,34,13,8,21,44,11,55
Suffolk,Southampton Vg PD,2011,29,3,32,15,7,22,44,10,54
Suffolk,Southampton Vg PD,2012,29,5,34,15,9,24,44,14,58
Suffolk,Southampton Vg PD,2013,29,5,34,15,9,24,44,14,58
Suffolk,Southampton Vg PD,2014,33,0,33,12,1,13,45,1,46
Suffolk,Southampton Vg PD,2015,30,0,30,14,0,14,44,0,44
Suffolk,Southampton Vg PD,2016,30,0,30,14,0,14,44,0,44
Suffolk,Southampton Vg PD,2017,31,0,31,15,0,15,46,0,46
Suffolk,Southampton Vg PD,2018,33,0,33,15,0,15,48,0,48
Suffolk,Southampton Vg PD,2019,32,7,39,14,9,23,46,16,62
Suffolk,Southampton Vg PD,2020,33,0,33,15,0,15,48,0,48
Suffolk,Southampton Vg PD,2021,31,0,31,14,0,14,45,0,45
Suffolk,Southampton Vg PD,2022,31,0,31,15,0,15,46,0,46
Suffolk,Southampton Vg PD,2023,26,0,26,15,0,15,41,0,41
Suffolk,Southold Town PD,2007,52,3,55,19,0,19,71,3,74
Suffolk,Southold Town PD,2008,52,1,53,18,0,18,70,1,71
Suffolk,Southold Town PD,2009,56,0,56,16,0,16,72,0,72
Suffolk,Southold Town PD,2010,52,3,55,14,1,15,66,4,70
Suffolk,Southold Town PD,2011,52,3,55,15,1,16,67,4,71
Suffolk,Southold Town PD,2013,52,4,56,15,1,16,67,5,72
Suffolk,Southold Town PD,2014,52,3,55,22,5,27,74,8,82
Suffolk,Southold Town PD,2015,51,2,53,22,7,29,73,9,82
Suffolk,Southold Town PD,2016,52,0,52,22,6,28,74,6,80
Suffolk,Southold Town PD,2017,51,0,51,20,7,27,71,7,78
Suffolk,Southold Town PD,2018,48,1,49,20,8,28,68,9,77
Suffolk,Southold Town PD,2019,49,0,49,20,7,27,69,7,76
Suffolk,Southold Town PD,2020,48,0,48,17,8,25,65,8,73
Suffolk,Southold Town PD,2021,55,0,55,16,10,26,71,10,81
Suffolk,Southold Town PD,2022,55,0,55,18,9,27,73,9,82
Suffolk,Southold Town PD,2023,56,1,57,17,10,27,73,11,84
Suffolk,Suffolk County Park Rangers,2007,40,6,46,3,3,6,43,9,52
Suffolk,Suffolk County Park Rangers,2008,46,4,50,2,4,6,48,8,56
Suffolk,Suffolk County Park Rangers,2009,45,4,49,2,4,6,47,8,55
Suffolk,Suffolk County Park Rangers,2010,48,4,52,1,4,5,49,8,57
Suffolk,Suffolk County Park Rangers,2011,41,3,44,1,0,1,42,3,45
Suffolk,Suffolk County Park Rangers,2012,35,3,38,0,2,2,35,5,40
Suffolk,Suffolk County Park Rangers,2013,35,4,39,0,3,3,35,7,42
Suffolk,Suffolk County PD,2007,2642,0,2642,585,0,585,3227,0,3227
Suffolk,Suffolk County PD,2008,2620,0,2620,585,0,585,3205,0,3205
Suffolk,Suffolk County PD,2009,2537,0,2537,586,497,1083,3123,497,3620
Suffolk,Suffolk County PD,2010,2510,0,2510,607,499,1106,3117,499,3616
Suffolk,Suffolk County PD,2011,2495,0,2495,599,500,1099,3094,500,3594
Suffolk,Suffolk County PD,2012,2414,0,2414,546,495,1041,2960,495,3455
Suffolk,Suffolk County PD,2013,2352,0,2352,554,490,1044,2906,490,3396
Suffolk,Suffolk County PD,2014,2357,0,2357,541,501,1042,2898,501,3399
Suffolk,Suffolk County PD,2015,2440,0,2440,526,506,1032,2966,506,3472
Suffolk,Suffolk County PD,2016,2521,0,2521,519,518,1037,3040,518,3558
Suffolk,Suffolk County PD,2017,2536,0,2536,532,528,1060,3068,528,3596
Suffolk,Suffolk County PD,2018,2519,0,2519,508,560,1068,3027,560,3587
Suffolk,Suffolk County PD,2019,2518,0,2518,534,533,1067,3052,533,3585
Suffolk,Suffolk County PD,2020,2410,0,2410,527,497,1024,2937,497,3434
Suffolk,Suffolk County PD,2021,2331,0,2331,481,500,981,2812,500,3312
Suffolk,Suffolk County PD,2022,2558,0,2558,489,542,1031,3047,542,3589
Suffolk,Suffolk County PD,2023,2564,0,2564,527,538,1065,3091,538,3629
Suffolk,Suffolk County Sheriff,2007,255,0,255,138,4,142,393,4,397
Suffolk,Suffolk County Sheriff,2008,268,0,268,140,0,140,408,0,408
Suffolk,Suffolk County Sheriff,2009,268,0,268,135,8,143,403,8,411
Suffolk,Suffolk County Sheriff,2010,281,0,281,132,6,138,413,6,419
Suffolk,Suffolk County Sheriff,2011,275,0,275,131,4,135,406,4,410
Suffolk,Suffolk County Sheriff,2012,268,0,268,116,4,120,384,4,388
Suffolk,Suffolk County Sheriff,2013,263,0,263,118,3,121,381,3,384
Suffolk,Suffolk County Sheriff,2014,250,0,250,120,7,127,370,7,377
Suffolk,Suffolk County Sheriff,2015,256,0,256,129,5,134,385,5,390
Suffolk,Suffolk County Sheriff,2016,262,0,262,124,5,129,386,5,391
Suffolk,Suffolk County Sheriff,2017,260,0,260,117,4,121,377,4,381
Suffolk,Suffolk County Sheriff,2018,270,0,270,120,4,124,390,4,394
Suffolk,Suffolk County Sheriff,2019,271,0,271,124,3,127,395,3,398
Suffolk,Suffolk County Sheriff,2020,240,0,240,123,3,126,363,3,366
Suffolk,Suffolk County Sheriff,2021,255,0,255,124,3,127,379,3,382
Suffolk,Suffolk County Sheriff,2022,245,0,245,121,2,123,366,2,368
Suffolk,Suffolk County Sheriff,2023,275,0,275,129,3,132,404,3,407
Suffolk,SUNY Police - Farmingdale,2007,16,0,16,7,0,7,23,0,23
Suffolk,SUNY Police - Farmingdale,2008,17,0,17,4,0,4,21,0,21
Suffolk,SUNY Police - Farmingdale,2009,17,0,17,10,0,10,27,0,27
Suffolk,SUNY Police - Farmingdale,2010,14,0,14,7,0,7,21,0,21
Suffolk,SUNY Police - Farmingdale,2011,17,0,17,9,0,9,26,0,26
Suffolk,SUNY Police - Farmingdale,2012,15,0,15,9,0,9,24,0,24
Suffolk,SUNY Police - Farmingdale,2013,16,0,16,7,0,7,23,0,23
Suffolk,SUNY Police - Farmingdale,2014,17,0,17,7,0,7,24,0,24
Suffolk,SUNY Police - Farmingdale,2015,20,0,20,9,0,9,29,0,29
Suffolk,SUNY Police - Farmingdale,2016,21,0,21,10,0,10,31,0,31
Suffolk,SUNY Police - Farmingdale,2017,21,0,21,9,0,9,30,0,30
Suffolk,SUNY Police - Farmingdale,2018,21,0,21,10,0,10,31,0,31
Suffolk,SUNY Police - Farmingdale,2019,19,0,19,11,0,11,30,0,30
Suffolk,SUNY Police - Farmingdale,2021,24,0,24,12,0,12,36,0,36
Suffolk,SUNY Police - Farmingdale,2022,22,0,22,10,0,10,32,0,32
Suffolk,SUNY Police - Farmingdale,2023,25,0,25,8,0,8,33,0,33
Suffolk,SUNY Police - Stony Brook,2007,58,0,58,80,0,80,138,0,138
Suffolk,SUNY Police - Stony Brook,2008,70,0,70,77,0,77,147,0,147
Suffolk,SUNY Police - Stony Brook,2009,73,0,73,81,0,81,154,0,154
Suffolk,SUNY Police - Stony Brook,2010,65,0,65,78,0,78,143,0,143
Suffolk,SUNY Police - Stony Brook,2011,64,0,64,77,0,77,141,0,141
Suffolk,SUNY Police - Stony Brook,2012,67,0,67,79,0,79,146,0,146
Suffolk,SUNY Police - Stony Brook,2013,66,0,66,80,0,80,146,0,146
Suffolk,SUNY Police - Stony Brook,2014,63,0,63,76,0,76,139,0,139
Suffolk,SUNY Police - Stony Brook,2015,63,0,63,84,0,84,147,0,147
Suffolk,SUNY Police - Stony Brook,2016,68,0,68,75,0,75,143,0,143
Suffolk,SUNY Police - Stony Brook,2017,65,0,65,78,0,78,143,0,143
Suffolk,SUNY Police - Stony Brook,2018,63,0,63,87,0,87,150,0,150
Suffolk,SUNY Police - Stony Brook,2019,63,0,63,83,0,83,146,0,146
Suffolk,SUNY Police - Stony Brook,2020,58,0,58,98,1,99,156,1,157
Suffolk,SUNY Police - Stony Brook,2022,67,0,67,83,2,85,150,2,152
Suffolk,SUNY Police - Stony Brook,2023,75,0,75,68,8,76,143,8,151
Suffolk,Westhampton Beach Vg PD,2007,18,8,26,2,10,12,20,18,38
Suffolk,Westhampton Beach Vg PD,2008,16,5,21,3,9,12,19,14,33
Suffolk,Westhampton Beach Vg PD,2009,16,5,21,3,9,12,19,14,33
Suffolk,Westhampton Beach Vg PD,2010,15,5,20,3,5,8,18,10,28
Suffolk,Westhampton Beach Vg PD,2011,14,7,21,2,6,8,16,13,29
Suffolk,Westhampton Beach Vg PD,2012,13,6,19,2,6,8,15,12,27
Suffolk,Westhampton Beach Vg PD,2013,12,8,20,2,8,10,14,16,30
Suffolk,Westhampton Beach Vg PD,2014,11,8,19,2,5,7,13,13,26
Suffolk,Westhampton Beach Vg PD,2015,13,7,20,2,6,8,15,13,28
Suffolk,Westhampton Beach Vg PD,2016,15,4,19,3,5,8,18,9,27
Suffolk,Westhampton Beach Vg PD,2017,14,7,21,2,6,8,16,13,29
Suffolk,Westhampton Beach Vg PD,2018,13,8,21,2,11,13,15,19,34
Suffolk,Westhampton Beach Vg PD,2019,14,4,18,2,7,9,16,11,27
Suffolk,Westhampton Beach Vg PD,2020,14,6,20,2,2,4,16,8,24
Suffolk,Westhampton Beach Vg PD,2021,14,5,19,2,7,9,16,12,28
Suffolk,Westhampton Beach Vg PD,2022,14,3,17,1,0,1,15,3,18
Suffolk,Westhampton Beach Vg PD,2023,15,6,21,1,5,6,16,11,27
Sullivan,Fallsburg Town PD,2007,16,0,16,4,1,5,20,1,21
Sullivan,Fallsburg Town PD,2008,19,0,19,4,0,4,23,0,23
Sullivan,Fallsburg Town PD,2009,19,0,19,4,0,4,23,0,23
Sullivan,Fallsburg Town PD,2010,19,0,19,4,0,4,23,0,23
Sullivan,Fallsburg Town PD,2011,17,0,17,0,0,0,17,0,17
Sullivan,Fallsburg Town PD,2012,20,0,20,0,0,0,20,0,20
Sullivan,Fallsburg Town PD,2013,20,0,20,0,0,0,20,0,20
Sullivan,Fallsburg Town PD,2014,20,0,20,0,0,0,20,0,20
Sullivan,Fallsburg Town PD,2015,20,0,20,0,0,0,20,0,20
Sullivan,Fallsburg Town PD,2016,20,1,21,0,0,0,20,1,21
Sullivan,Fallsburg Town PD,2017,21,0,21,0,0,0,21,0,21
Sullivan,Fallsburg Town PD,2018,21,0,21,0,0,0,21,0,21
Sullivan,Fallsburg Town PD,2019,20,0,20,0,0,0,20,0,20
Sullivan,Fallsburg Town PD,2020,21,0,21,0,0,0,21,0,21
Sullivan,Fallsburg Town PD,2021,21,0,21,0,0,0,21,0,21
Sullivan,Fallsburg Town PD,2022,20,0,20,0,0,0,20,0,20
Sullivan,Fallsburg Town PD,2023,20,0,20,0,0,0,20,0,20
Sullivan,Liberty Vg PD,2007,17,0,17,3,0,3,20,0,20
Sullivan,Liberty Vg PD,2008,15,0,15,3,0,3,18,0,18
Sullivan,Liberty Vg PD,2009,16,0,16,3,0,3,19,0,19
Sullivan,Liberty Vg PD,2010,17,0,17,3,0,3,20,0,20
Sullivan,Liberty Vg PD,2011,17,0,17,3,0,3,20,0,20
Sullivan,Liberty Vg PD,2012,15,0,15,2,3,5,17,3,20
Sullivan,Liberty Vg PD,2013,15,2,17,2,6,8,17,8,25
Sullivan,Liberty Vg PD,2014,15,2,17,2,4,6,17,6,23
Sullivan,Liberty Vg PD,2015,16,2,18,2,4,6,18,6,24
Sullivan,Liberty Vg PD,2016,14,0,14,2,4,6,16,4,20
Sullivan,Liberty Vg PD,2017,16,0,16,2,4,6,18,4,22
Sullivan,Liberty Vg PD,2018,16,0,16,2,4,6,18,4,22
Sullivan,Liberty Vg PD,2019,18,0,18,2,7,9,20,7,27
Sullivan,Liberty Vg PD,2020,17,0,17,2,4,6,19,4,23
Sullivan,Liberty Vg PD,2021,18,0,18,2,6,8,20,6,26
Sullivan,Liberty Vg PD,2022,18,0,18,2,7,9,20,7,27
Sullivan,Liberty Vg PD,2023,18,1,19,2,5,7,20,6,26
Sullivan,Monticello Vg PD,2007,24,0,24,3,0,3,27,0,27
Sullivan,Monticello Vg PD,2008,24,0,24,3,0,3,27,0,27
Sullivan,Monticello Vg PD,2009,24,0,24,3,0,3,27,0,27
Sullivan,Monticello Vg PD,2010,25,0,25,3,0,3,28,0,28
Sullivan,Monticello Vg PD,2011,23,0,23,2,0,2,25,0,25
Sullivan,Monticello Vg PD,2014,22,0,22,2,1,3,24,1,25
Sullivan,Monticello Vg PD,2015,23,0,23,2,1,3,25,1,26
Sullivan,Monticello Vg PD,2016,23,0,23,2,1,3,25,1,26
Sullivan,Monticello Vg PD,2017,23,0,23,2,1,3,25,1,26
Sullivan,Monticello Vg PD,2018,22,0,22,1,0,1,23,0,23
Sullivan,Monticello Vg PD,2019,21,0,21,2,0,2,23,0,23
Sullivan,Monticello Vg PD,2020,20,0,20,2,1,3,22,1,23
Sullivan,Monticello Vg PD,2021,20,0,20,2,1,3,22,1,23
Sullivan,Monticello Vg PD,2022,17,0,17,3,0,3,20,0,20
Sullivan,Monticello Vg PD,2023,18,0,18,0,0,0,18,0,18
Sullivan,Sullivan County Sheriff,2007,48,0,48,29,0,29,77,0,77
Sullivan,Sullivan County Sheriff,2008,46,0,46,1,0,1,47,0,47
Sullivan,Sullivan County Sheriff,2009,46,0,46,1,0,1,47,0,47
Sullivan,Sullivan County Sheriff,2010,46,0,46,1,0,1,47,0,47
Sullivan,Sullivan County Sheriff,2011,41,0,41,0,0,0,41,0,41
Sullivan,Sullivan County Sheriff,2012,36,0,36,0,0,0,36,0,36
Sullivan,Sullivan County Sheriff,2013,38,0,38,0,0,0,38,0,38
Sullivan,Sullivan County Sheriff,2014,40,0,40,0,0,0,40,0,40
Sullivan,Sullivan County Sheriff,2015,46,0,46,0,0,0,46,0,46
Sullivan,Sullivan County Sheriff,2016,42,0,42,0,0,0,42,0,42
Sullivan,Sullivan County Sheriff,2017,51,0,51,0,0,0,51,0,51
Sullivan,Sullivan County Sheriff,2018,50,0,50,0,0,0,50,0,50
Sullivan,Sullivan County Sheriff,2019,57,0,57,0,0,0,57,0,57
Sullivan,Sullivan County Sheriff,2020,59,0,59,0,0,0,59,0,59
Sullivan,Sullivan County Sheriff,2021,54,0,54,0,0,0,54,0,54
Sullivan,Sullivan County Sheriff,2022,59,0,59,0,0,0,59,0,59
Sullivan,Sullivan County Sheriff,2023,50,0,50,18,1,19,68,1,69
Sullivan,Woodridge Vg PD,2008,0,7,7,0,2,2,0,9,9
Sullivan,Woodridge Vg PD,2009,0,7,7,0,2,2,0,9,9
Sullivan,Woodridge Vg PD,2010,1,7,8,0,0,0,1,7,8
Sullivan,Woodridge Vg PD,2011,1,6,7,0,0,0,1,6,7
Sullivan,Woodridge Vg PD,2013,0,7,7,0,0,0,0,7,7
Sullivan,Woodridge Vg PD,2014,0,7,7,0,0,0,0,7,7
Sullivan,Woodridge Vg PD,2015,0,7,7,0,0,0,0,7,7
Sullivan,Woodridge Vg PD,2016,0,7,7,0,0,0,0,7,7
Sullivan,Woodridge Vg PD,2017,0,8,8,0,0,0,0,8,8
Sullivan,Woodridge Vg PD,2018,0,8,8,0,0,0,0,8,8
Sullivan,Woodridge Vg PD,2019,0,7,7,0,0,0,0,7,7
Sullivan,Woodridge Vg PD,2020,0,6,6,0,0,0,0,6,6
Sullivan,Woodridge Vg PD,2021,0,8,8,0,0,0,0,8,8
Sullivan,Woodridge Vg PD,2022,0,8,8,0,0,0,0,8,8
Sullivan,Woodridge Vg PD,2023,0,8,8,0,0,0,0,8,8
Tioga,Owego Vg PD,2007,7,9,16,0,1,1,7,10,17
Tioga,Owego Vg PD,2008,8,10,18,1,0,1,9,10,19
Tioga,Owego Vg PD,2009,8,11,19,1,0,1,9,11,20
Tioga,Owego Vg PD,2010,8,8,16,1,0,1,9,8,17
Tioga,Owego Vg PD,2011,7,9,16,1,3,4,8,12,20
Tioga,Owego Vg PD,2012,8,9,17,1,0,1,9,9,18
Tioga,Owego Vg PD,2013,8,7,15,1,0,1,9,7,16
Tioga,Owego Vg PD,2014,5,9,14,1,0,1,6,9,15
Tioga,Owego Vg PD,2015,8,10,18,1,0,1,9,10,19
Tioga,Owego Vg PD,2016,6,9,15,1,0,1,7,9,16
Tioga,Owego Vg PD,2017,2,11,13,1,1,2,3,12,15
Tioga,Owego Vg PD,2018,2,11,13,1,1,2,3,12,15
Tioga,Owego Vg PD,2019,2,15,17,1,1,2,3,16,19
Tioga,Owego Vg PD,2020,3,16,19,1,1,2,4,17,21
Tioga,Owego Vg PD,2021,3,19,22,1,1,2,4,20,24
Tioga,Owego Vg PD,2022,7,17,24,1,1,2,8,18,26
Tioga,Owego Vg PD,2023,5,19,24,1,1,2,6,20,26
Tioga,Tioga County Sheriff,2007,37,7,44,19,2,21,56,9,65
Tioga,Tioga County Sheriff,2008,37,7,44,19,2,21,56,9,65
Tioga,Tioga County Sheriff,2009,34,2,36,17,4,21,51,6,57
Tioga,Tioga County Sheriff,2010,32,2,34,17,2,19,49,4,53
Tioga,Tioga County Sheriff,2011,33,2,35,17,2,19,50,4,54
Tioga,Tioga County Sheriff,2012,32,2,34,19,0,19,51,2,53
Tioga,Tioga County Sheriff,2013,33,2,35,19,0,19,52,2,54
Tioga,Tioga County Sheriff,2014,31,2,33,19,2,21,50,4,54
Tioga,Tioga County Sheriff,2015,35,2,37,20,2,22,55,4,59
Tioga,Tioga County Sheriff,2016,35,2,37,20,2,22,55,4,59
Tioga,Tioga County Sheriff,2017,35,1,36,20,2,22,55,3,58
Tioga,Tioga County Sheriff,2022,33,0,33,20,1,21,53,1,54
Tioga,Tioga County Sheriff,2023,35,0,35,16,0,16,51,0,51
Tioga,Waverly Vg PD,2007,10,5,15,1,0,1,11,5,16
Tioga,Waverly Vg PD,2008,10,5,15,1,1,2,11,6,17
Tioga,Waverly Vg PD,2009,10,5,15,1,1,2,11,6,17
Tioga,Waverly Vg PD,2010,10,5,15,1,4,5,11,9,20
Tioga,Waverly Vg PD,2011,10,6,16,1,4,5,11,10,21
Tioga,Waverly Vg PD,2012,10,5,15,1,4,5,11,9,20
Tioga,Waverly Vg PD,2013,10,7,17,1,0,1,11,7,18
Tioga,Waverly Vg PD,2014,10,8,18,1,0,1,11,8,19
Tioga,Waverly Vg PD,2015,10,8,18,1,0,1,11,8,19
Tioga,Waverly Vg PD,2016,10,7,17,1,0,1,11,7,18
Tioga,Waverly Vg PD,2017,9,7,16,1,0,1,10,7,17
Tioga,Waverly Vg PD,2018,10,6,16,1,0,1,11,6,17
Tioga,Waverly Vg PD,2019,9,6,15,1,0,1,10,6,16
Tioga,Waverly Vg PD,2020,10,3,13,1,0,1,11,3,14
Tioga,Waverly Vg PD,2021,10,4,14,1,0,1,11,4,15
Tioga,Waverly Vg PD,2022,9,4,13,1,0,1,10,4,14
Tioga,Waverly Vg PD,2023,9,5,14,1,0,1,10,5,15
Tompkins,Cayuga Heights Vg PD,2007,6,7,13,1,4,5,7,11,18
Tompkins,Cayuga Heights Vg PD,2008,6,7,13,1,4,5,7,11,18
Tompkins,Cayuga Heights Vg PD,2009,6,8,14,2,4,6,8,12,20
Tompkins,Cayuga Heights Vg PD,2010,6,8,14,1,4,5,7,12,19
Tompkins,Cayuga Heights Vg PD,2011,6,8,14,1,5,6,7,13,20
Tompkins,Cayuga Heights Vg PD,2013,6,8,14,0,5,5,6,13,19
Tompkins,Cayuga Heights Vg PD,2014,6,9,15,1,5,6,7,14,21
Tompkins,Cayuga Heights Vg PD,2015,6,9,15,1,5,6,7,14,21
Tompkins,Cayuga Heights Vg PD,2016,6,9,15,1,5,6,7,14,21
Tompkins,Cayuga Heights Vg PD,2017,6,9,15,1,5,6,7,14,21
Tompkins,Cayuga Heights Vg PD,2018,6,8,14,1,4,5,7,12,19
Tompkins,Cayuga Heights Vg PD,2019,6,10,16,1,4,5,7,14,21
Tompkins,Cayuga Heights Vg PD,2020,6,9,15,1,5,6,7,14,21
Tompkins,Cayuga Heights Vg PD,2021,6,10,16,1,5,6,7,15,22
Tompkins,Cayuga Heights Vg PD,2022,7,7,14,1,4,5,8,11,19
Tompkins,Cayuga Heights Vg PD,2023,7,7,14,1,4,5,8,11,19
Tompkins,Cornell University Police,2007,47,0,47,14,1,15,61,1,62
Tompkins,Cornell University Police,2008,50,0,50,13,1,14,63,1,64
Tompkins,Cornell University Police,2009,46,0,46,12,1,13,58,1,59
Tompkins,Cornell University Police,2010,49,0,49,17,1,18,66,1,67
Tompkins,Cornell University Police,2011,46,0,46,19,1,20,65,1,66
Tompkins,Cornell University Police,2012,46,0,46,21,0,21,67,0,67
Tompkins,Cornell University Police,2013,52,0,52,23,0,23,75,0,75
Tompkins,Cornell University Police,2014,49,0,49,19,0,19,68,0,68
Tompkins,Cornell University Police,2015,47,0,47,20,0,20,67,0,67
Tompkins,Cornell University Police,2016,45,0,45,25,0,25,70,0,70
Tompkins,Cornell University Police,2017,46,0,46,26,0,26,72,0,72
Tompkins,Cornell University Police,2018,45,0,45,23,0,23,68,0,68
Tompkins,Cornell University Police,2019,46,0,46,27,8,35,73,8,81
Tompkins,Cornell University Police,2020,49,0,49,29,8,37,78,8,86
Tompkins,Cornell University Police,2022,47,0,47,30,3,33,77,3,80
Tompkins,Cornell University Police,2023,49,0,49,35,0,35,84,0,84
Tompkins,Dryden Vg PD,2007,6,7,13,1,0,1,7,7,14
Tompkins,Dryden Vg PD,2008,5,6,11,1,0,1,6,6,12
Tompkins,Dryden Vg PD,2009,6,8,14,1,1,2,7,9,16
Tompkins,Dryden Vg PD,2010,5,8,13,1,0,1,6,8,14
Tompkins,Dryden Vg PD,2011,6,7,13,1,0,1,7,7,14
Tompkins,Dryden Vg PD,2012,6,8,14,0,1,1,6,9,15
Tompkins,Dryden Vg PD,2013,6,8,14,0,2,2,6,10,16
Tompkins,Dryden Vg PD,2014,6,8,14,0,2,2,6,10,16
Tompkins,Dryden Vg PD,2015,5,9,14,0,1,1,5,10,15
Tompkins,Dryden Vg PD,2016,4,8,12,0,3,3,4,11,15
Tompkins,Dryden Vg PD,2017,5,7,12,0,2,2,5,9,14
Tompkins,Dryden Vg PD,2018,4,7,11,0,0,0,4,7,11
Tompkins,Dryden Vg PD,2019,4,8,12,0,1,1,4,9,13
Tompkins,Dryden Vg PD,2020,4,9,13,0,1,1,4,10,14
Tompkins,Dryden Vg PD,2021,4,7,11,0,1,1,4,8,12
Tompkins,Dryden Vg PD,2022,4,5,9,0,0,0,4,5,9
Tompkins,Dryden Vg PD,2023,4,7,11,0,0,0,4,7,11
Tompkins,Groton Vg PD,2007,0,13,13,1,0,1,1,13,14
Tompkins,Groton Vg PD,2008,1,11,12,1,0,1,2,11,13
Tompkins,Groton Vg PD,2009,1,11,12,1,0,1,2,11,13
Tompkins,Groton Vg PD,2010,1,14,15,0,0,0,1,14,15
Tompkins,Groton Vg PD,2011,1,14,15,0,0,0,1,14,15
Tompkins,Groton Vg PD,2012,1,13,14,0,0,0,1,13,14
Tompkins,Groton Vg PD,2013,1,13,14,0,0,0,1,13,14
Tompkins,Groton Vg PD,2014,0,14,14,0,0,0,0,14,14
Tompkins,Groton Vg PD,2015,1,15,16,0,0,0,1,15,16
Tompkins,Groton Vg PD,2016,1,16,17,0,0,0,1,16,17
Tompkins,Groton Vg PD,2017,0,16,16,0,0,0,0,16,16
Tompkins,Groton Vg PD,2018,0,17,17,0,0,0,0,17,17
Tompkins,Groton Vg PD,2019,0,14,14,0,0,0,0,14,14
Tompkins,Groton Vg PD,2020,1,12,13,0,0,0,1,12,13
Tompkins,Groton Vg PD,2021,1,14,15,0,0,0,1,14,15
Tompkins,Groton Vg PD,2022,1,13,14,0,0,0,1,13,14
Tompkins,Groton Vg PD,2023,2,12,14,0,0,0,2,12,14
Tompkins,Ithaca City PD,2007,70,0,70,16,12,28,86,12,98
Tompkins,Ithaca City PD,2008,73,0,73,16,13,29,89,13,102
Tompkins,Ithaca City PD,2009,72,0,72,16,12,28,88,12,100
Tompkins,Ithaca City PD,2010,67,0,67,12,13,25,79,13,92
Tompkins,Ithaca City PD,2011,67,0,67,12,13,25,79,13,92
Tompkins,Ithaca City PD,2012,65,0,65,14,13,27,79,13,92
Tompkins,Ithaca City PD,2013,62,0,62,14,13,27,76,13,89
Tompkins,Ithaca City PD,2014,63,0,63,8,12,20,71,12,83
Tompkins,Ithaca City PD,2015,65,0,65,8,12,20,73,12,85
Tompkins,Ithaca City PD,2016,66,0,66,8,15,23,74,15,89
Tompkins,Ithaca City PD,2017,64,0,64,7,15,22,71,15,86
Tompkins,Ithaca City PD,2018,68,0,68,5,0,5,73,0,73
Tompkins,Ithaca City PD,2019,63,0,63,9,0,9,72,0,72
Tompkins,Ithaca City PD,2020,61,0,61,8,0,8,69,0,69
Tompkins,Ithaca City PD,2021,59,0,59,8,0,8,67,0,67
Tompkins,Ithaca City PD,2022,52,0,52,8,0,8,60,0,60
Tompkins,Ithaca City PD,2023,49,0,49,7,0,7,56,0,56
Tompkins,Ithaca College PD,2007,17,0,17,10,0,10,27,0,27
Tompkins,Ithaca College PD,2008,16,0,16,8,0,8,24,0,24
Tompkins,Ithaca College PD,2009,17,0,17,6,0,6,23,0,23
Tompkins,Ithaca College PD,2010,18,0,18,9,0,9,27,0,27
Tompkins,Ithaca College PD,2011,20,0,20,18,0,18,38,0,38
Tompkins,Ithaca College PD,2012,20,0,20,18,0,18,38,0,38
Tompkins,Ithaca College PD,2013,21,0,21,18,0,18,39,0,39
Tompkins,Ithaca College PD,2014,19,0,19,17,0,17,36,0,36
Tompkins,Ithaca College PD,2015,19,0,19,19,0,19,38,0,38
Tompkins,Ithaca College PD,2016,16,0,16,17,0,17,33,0,33
Tompkins,Ithaca College PD,2017,23,0,23,18,0,18,41,0,41
Tompkins,Ithaca College PD,2018,23,0,23,18,0,18,41,0,41
Tompkins,Ithaca College PD,2019,24,0,24,19,0,19,43,0,43
Tompkins,Ithaca College PD,2020,19,0,19,16,1,17,35,1,36
Tompkins,Ithaca College PD,2021,15,0,15,19,0,19,34,0,34
Tompkins,Ithaca College PD,2022,15,1,16,20,0,20,35,1,36
Tompkins,Ithaca College PD,2023,19,1,20,19,0,19,38,1,39
Tompkins,Tompkins County Sheriff,2007,36,0,36,4,0,4,40,0,40
Tompkins,Tompkins County Sheriff,2008,40,0,40,4,0,4,44,0,44
Tompkins,Tompkins County Sheriff,2009,40,0,40,4,0,4,44,0,44
Tompkins,Tompkins County Sheriff,2010,38,0,38,3,0,3,41,0,41
Tompkins,Tompkins County Sheriff,2011,40,0,40,5,2,7,45,2,47
Tompkins,Tompkins County Sheriff,2012,41,0,41,3,0,3,44,0,44
Tompkins,Tompkins County Sheriff,2013,41,0,41,6,2,8,47,2,49
Tompkins,Tompkins County Sheriff,2014,40,0,40,6,2,8,46,2,48
Tompkins,Tompkins County Sheriff,2015,40,0,40,6,2,8,46,2,48
Tompkins,Tompkins County Sheriff,2016,40,0,40,6,2,8,46,2,48
Tompkins,Tompkins County Sheriff,2017,40,0,40,5,2,7,45,2,47
Tompkins,Tompkins County Sheriff,2018,40,2,42,4,0,4,44,2,46
Tompkins,Tompkins County Sheriff,2019,40,5,45,4,0,4,44,5,49
Tompkins,Tompkins County Sheriff,2020,40,4,44,4,0,4,44,4,48
Tompkins,Tompkins County Sheriff,2021,39,4,43,3,0,3,42,4,46
Tompkins,Tompkins County Sheriff,2022,43,4,47,5,0,5,48,4,52
Tompkins,Tompkins County Sheriff,2023,46,4,50,5,0,5,51,4,55
Tompkins,Trumansburg Vg PD,2007,0,15,15,0,0,0,0,15,15
Tompkins,Trumansburg Vg PD,2008,0,16,16,0,3,3,0,19,19
Tompkins,Trumansburg Vg PD,2009,0,14,14,0,2,2,0,16,16
Tompkins,Trumansburg Vg PD,2010,0,16,16,0,2,2,0,18,18
Tompkins,Trumansburg Vg PD,2011,0,14,14,0,2,2,0,16,16
Tompkins,Trumansburg Vg PD,2012,0,13,13,0,3,3,0,16,16
Tompkins,Trumansburg Vg PD,2013,15,4,19,0,0,0,15,4,19
Tompkins,Trumansburg Vg PD,2014,0,16,16,0,3,3,0,19,19
Tompkins,Trumansburg Vg PD,2015,0,17,17,0,3,3,0,20,20
Tompkins,Trumansburg Vg PD,2016,0,17,17,0,3,3,0,20,20
Tompkins,Trumansburg Vg PD,2017,0,18,18,0,3,3,0,21,21
Tompkins,Trumansburg Vg PD,2018,1,16,17,0,3,3,1,19,20
Tompkins,Trumansburg Vg PD,2019,2,11,13,0,3,3,2,14,16
Tompkins,Trumansburg Vg PD,2020,1,13,14,0,3,3,1,16,17
Tompkins,Trumansburg Vg PD,2021,1,13,14,0,3,3,1,16,17
Tompkins,Trumansburg Vg PD,2022,2,8,10,0,2,2,2,10,12
Tompkins,Trumansburg Vg PD,2023,2,9,11,0,4,4,2,13,15
Ulster,Ellenville Vg PD,2007,10,13,23,2,6,8,12,19,31
Ulster,Ellenville Vg PD,2008,10,10,20,1,6,7,11,16,27
Ulster,Ellenville Vg PD,2009,10,14,24,0,5,5,10,19,29
Ulster,Ellenville Vg PD,2010,11,13,24,0,4,4,11,17,28
Ulster,Ellenville Vg PD,2011,9,14,23,1,5,6,10,19,29
Ulster,Ellenville Vg PD,2012,10,14,24,1,6,7,11,20,31
Ulster,Ellenville Vg PD,2013,10,12,22,1,6,7,11,18,29
Ulster,Ellenville Vg PD,2014,12,11,23,1,6,7,13,17,30
Ulster,Ellenville Vg PD,2015,10,12,22,1,7,8,11,19,30
Ulster,Ellenville Vg PD,2016,11,18,29,1,4,5,12,22,34
Ulster,Ellenville Vg PD,2017,10,16,26,1,5,6,11,21,32
Ulster,Ellenville Vg PD,2018,10,18,28,1,5,6,11,23,34
Ulster,Ellenville Vg PD,2019,10,18,28,0,0,0,10,18,28
Ulster,Ellenville Vg PD,2022,7,24,31,1,5,6,8,29,37
Ulster,Ellenville Vg PD,2023,8,16,24,1,5,6,9,21,30
Ulster,Kingston City PD,2007,79,0,79,6,7,13,85,7,92
Ulster,Kingston City PD,2008,80,0,80,6,6,12,86,6,92
Ulster,Kingston City PD,2009,80,0,80,3,11,14,83,11,94
Ulster,Kingston City PD,2010,80,0,80,3,11,14,83,11,94
Ulster,Kingston City PD,2011,69,0,69,6,6,12,75,6,81
Ulster,Kingston City PD,2012,73,0,73,5,6,11,78,6,84
Ulster,Kingston City PD,2013,74,0,74,5,6,11,79,6,85
Ulster,Kingston City PD,2014,72,0,72,5,8,13,77,8,85
Ulster,Kingston City PD,2015,73,0,73,5,7,12,78,7,85
Ulster,Kingston City PD,2016,71,0,71,5,6,11,76,6,82
Ulster,Kingston City PD,2017,69,0,69,5,8,13,74,8,82
Ulster,Kingston City PD,2018,68,0,68,5,7,12,73,7,80
Ulster,Kingston City PD,2019,71,0,71,5,7,12,76,7,83
Ulster,Kingston City PD,2020,69,0,69,5,5,10,74,5,79
Ulster,Kingston City PD,2021,65,0,65,5,7,12,70,7,77
Ulster,Kingston City PD,2022,72,0,72,7,9,16,79,9,88
Ulster,Kingston City PD,2023,69,0,69,7,6,13,76,6,82
Ulster,Lloyd Town PD,2007,11,12,23,2,6,8,13,18,31
Ulster,Lloyd Town PD,2008,10,11,21,3,8,11,13,19,32
Ulster,Lloyd Town PD,2009,10,13,23,3,8,11,13,21,34
Ulster,Lloyd Town PD,2010,10,13,23,3,7,10,13,20,33
Ulster,Lloyd Town PD,2011,10,11,21,3,6,9,13,17,30
Ulster,Lloyd Town PD,2012,8,14,22,3,6,9,11,20,31
Ulster,Lloyd Town PD,2013,10,8,18,2,7,9,12,15,27
Ulster,Lloyd Town PD,2014,10,17,27,2,8,10,12,25,37
Ulster,Lloyd Town PD,2015,10,14,24,3,7,10,13,21,34
Ulster,Lloyd Town PD,2016,10,13,23,3,3,6,13,16,29
Ulster,Lloyd Town PD,2017,10,12,22,3,5,8,13,17,30
Ulster,Lloyd Town PD,2018,11,9,20,3,5,8,14,14,28
Ulster,Lloyd Town PD,2019,11,9,20,2,5,7,13,14,27
Ulster,Lloyd Town PD,2021,11,9,20,2,7,9,13,16,29
Ulster,Lloyd Town PD,2022,9,7,16,2,4,6,11,11,22
Ulster,Lloyd Town PD,2023,14,4,18,1,8,9,15,12,27
Ulster,Marlborough Town PD,2007,8,18,26,2,11,13,10,29,39
Ulster,Marlborough Town PD,2008,9,18,27,3,6,9,12,24,36
Ulster,Marlborough Town PD,2009,9,15,24,3,8,11,12,23,35
Ulster,Marlborough Town PD,2010,6,18,24,2,11,13,8,29,37
Ulster,Marlborough Town PD,2011,6,20,26,2,12,14,8,32,40
Ulster,Marlborough Town PD,2012,6,24,30,2,12,14,8,36,44
Ulster,Marlborough Town PD,2013,6,19,25,2,12,14,8,31,39
Ulster,Marlborough Town PD,2014,6,21,27,2,12,14,8,33,41
Ulster,Marlborough Town PD,2015,7,19,26,2,8,10,9,27,36
Ulster,Marlborough Town PD,2016,8,21,29,2,10,12,10,31,41
Ulster,Marlborough Town PD,2017,8,19,27,2,12,14,10,31,41
Ulster,Marlborough Town PD,2018,8,21,29,2,7,9,10,28,38
Ulster,Marlborough Town PD,2019,7,21,28,2,8,10,9,29,38
Ulster,Marlborough Town PD,2020,8,16,24,3,9,12,11,25,36
Ulster,Marlborough Town PD,2021,8,20,28,2,8,10,10,28,38
Ulster,Marlborough Town PD,2022,8,17,25,3,6,9,11,23,34
Ulster,Marlborough Town PD,2023,8,15,23,3,8,11,11,23,34
Ulster,New Paltz Town and Vg PD,2007,24,15,39,1,0,1,25,15,40
Ulster,New Paltz Town and Vg PD,2008,28,18,46,1,0,1,29,18,47
Ulster,New Paltz Town and Vg PD,2009,23,10,33,4,6,10,27,16,43
Ulster,New Paltz Town and Vg PD,2010,23,8,31,3,5,8,26,13,39
Ulster,New Paltz Town and Vg PD,2011,24,10,34,3,8,11,27,18,45
Ulster,New Paltz Town and Vg PD,2012,19,8,27,3,7,10,22,15,37
Ulster,New Paltz Town and Vg PD,2013,20,5,25,4,4,8,24,9,33
Ulster,New Paltz Town and Vg PD,2014,19,8,27,3,6,9,22,14,36
Ulster,New Paltz Town and Vg PD,2015,21,7,28,4,8,12,25,15,40
Ulster,New Paltz Town and Vg PD,2016,21,10,31,4,7,11,25,17,42
Ulster,New Paltz Town and Vg PD,2017,21,8,29,4,7,11,25,15,40
Ulster,New Paltz Town and Vg PD,2018,21,6,27,3,6,9,24,12,36
Ulster,New Paltz Town and Vg PD,2019,20,6,26,3,7,10,23,13,36
Ulster,New Paltz Town and Vg PD,2020,21,6,27,3,8,11,24,14,38
Ulster,New Paltz Town and Vg PD,2021,20,5,25,3,6,9,23,11,34
Ulster,New Paltz Town and Vg PD,2022,26,3,29,4,5,9,30,8,38
Ulster,New Paltz Town and Vg PD,2023,25,2,27,3,8,11,28,10,38
Ulster,Olive Town PD,2007,1,11,12,0,0,0,1,11,12
Ulster,Olive Town PD,2008,1,11,12,0,0,0,1,11,12
Ulster,Olive Town PD,2009,1,12,13,0,0,0,1,12,13
Ulster,Olive Town PD,2010,1,9,10,0,0,0,1,9,10
Ulster,Olive Town PD,2011,1,11,12,0,0,0,1,11,12
Ulster,Olive Town PD,2012,1,9,10,0,0,0,1,9,10
Ulster,Olive Town PD,2014,1,10,11,0,0,0,1,10,11
Ulster,Olive Town PD,2015,1,10,11,0,0,0,1,10,11
Ulster,Olive Town PD,2016,1,11,12,0,0,0,1,11,12
Ulster,Olive Town PD,2017,0,13,13,0,0,0,0,13,13
Ulster,Olive Town PD,2019,0,11,11,0,0,0,0,11,11
Ulster,Olive Town PD,2020,0,11,11,0,0,0,0,11,11
Ulster,Olive Town PD,2021,0,13,13,0,0,0,0,13,13
Ulster,Olive Town PD,2022,0,12,12,0,0,0,0,12,12
Ulster,Olive Town PD,2023,0,11,11,0,0,0,0,11,11
Ulster,Plattekill Town PD,2007,0,16,16,0,0,0,0,16,16
Ulster,Plattekill Town PD,2008,0,20,20,0,2,2,0,22,22
Ulster,Plattekill Town PD,2009,0,22,22,0,2,2,0,24,24
Ulster,Plattekill Town PD,2010,0,21,21,0,2,2,0,23,23
Ulster,Plattekill Town PD,2011,0,20,20,0,2,2,0,22,22
Ulster,Plattekill Town PD,2012,0,21,21,0,1,1,0,22,22
Ulster,Plattekill Town PD,2013,0,20,20,0,2,2,0,22,22
Ulster,Plattekill Town PD,2014,0,22,22,0,1,1,0,23,23
Ulster,Plattekill Town PD,2015,0,22,22,0,1,1,0,23,23
Ulster,Plattekill Town PD,2016,0,20,20,0,1,1,0,21,21
Ulster,Plattekill Town PD,2017,0,21,21,0,1,1,0,22,22
Ulster,Plattekill Town PD,2018,0,24,24,0,1,1,0,25,25
Ulster,Plattekill Town PD,2019,0,23,23,0,1,1,0,24,24
Ulster,Plattekill Town PD,2020,0,22,22,0,1,1,0,23,23
Ulster,Plattekill Town PD,2022,0,17,17,0,1,1,0,18,18
Ulster,Plattekill Town PD,2023,0,23,23,0,0,0,0,23,23
Ulster,Rosendale Town PD,2007,1,10,11,1,0,1,2,10,12
Ulster,Rosendale Town PD,2008,2,10,12,1,0,1,3,10,13
Ulster,Rosendale Town PD,2009,2,9,11,1,0,1,3,9,12
Ulster,Rosendale Town PD,2010,2,12,14,1,0,1,3,12,15
Ulster,Rosendale Town PD,2011,2,15,17,1,0,1,3,15,18
Ulster,Rosendale Town PD,2012,2,11,13,1,0,1,3,11,14
Ulster,Rosendale Town PD,2013,2,12,14,1,0,1,3,12,15
Ulster,Rosendale Town PD,2014,1,11,12,1,0,1,2,11,13
Ulster,Rosendale Town PD,2015,1,14,15,1,0,1,2,14,16
Ulster,Rosendale Town PD,2016,1,12,13,1,0,1,2,12,14
Ulster,Rosendale Town PD,2017,1,14,15,0,1,1,1,15,16
Ulster,Rosendale Town PD,2018,1,13,14,0,1,1,1,14,15
Ulster,Rosendale Town PD,2019,1,14,15,0,1,1,1,15,16
Ulster,Rosendale Town PD,2020,2,9,11,0,1,1,2,10,12
Ulster,Rosendale Town PD,2021,2,10,12,0,1,1,2,11,13
Ulster,Rosendale Town PD,2022,2,10,12,0,1,1,2,11,13
Ulster,Rosendale Town PD,2023,3,8,11,0,1,1,3,9,12
Ulster,Saugerties Town PD,2007,17,7,24,4,5,9,21,12,33
Ulster,Saugerties Town PD,2008,18,9,27,5,4,9,23,13,36
Ulster,Saugerties Town PD,2009,16,8,24,5,3,8,21,11,32
Ulster,Saugerties Town PD,2010,14,9,23,5,3,8,19,12,31
Ulster,Saugerties Town PD,2011,21,6,27,5,2,7,26,8,34
Ulster,Saugerties Town PD,2012,23,8,31,5,2,7,28,10,38
Ulster,Saugerties Town PD,2013,22,10,32,5,5,10,27,15,42
Ulster,Saugerties Town PD,2014,23,16,39,4,6,10,27,22,49
Ulster,Saugerties Town PD,2015,24,12,36,4,7,11,28,19,47
Ulster,Saugerties Town PD,2016,24,12,36,4,10,14,28,22,50
Ulster,Saugerties Town PD,2017,24,15,39,4,9,13,28,24,52
Ulster,Saugerties Town PD,2018,23,18,41,4,7,11,27,25,52
Ulster,Saugerties Town PD,2019,23,16,39,4,8,12,27,24,51
Ulster,Saugerties Town PD,2020,24,12,36,4,6,10,28,18,46
Ulster,Saugerties Town PD,2021,24,16,40,4,6,10,28,22,50
Ulster,Saugerties Town PD,2022,23,14,37,4,8,12,27,22,49
Ulster,Saugerties Town PD,2023,21,18,39,4,8,12,25,26,51
Ulster,Shandaken Town PD,2007,4,9,13,0,0,0,4,9,13
Ulster,Shandaken Town PD,2008,4,8,12,0,0,0,4,8,12
Ulster,Shandaken Town PD,2009,4,8,12,0,0,0,4,8,12
Ulster,Shandaken Town PD,2010,4,9,13,0,0,0,4,9,13
Ulster,Shandaken Town PD,2013,4,8,12,0,0,0,4,8,12
Ulster,Shandaken Town PD,2014,4,11,15,0,0,0,4,11,15
Ulster,Shandaken Town PD,2015,4,10,14,0,0,0,4,10,14
Ulster,Shandaken Town PD,2016,4,7,11,0,0,0,4,7,11
Ulster,Shandaken Town PD,2017,4,10,14,0,0,0,4,10,14
Ulster,Shandaken Town PD,2019,3,12,15,0,0,0,3,12,15
Ulster,Shandaken Town PD,2021,4,13,17,0,0,0,4,13,17
Ulster,Shandaken Town PD,2022,3,12,15,0,0,0,3,12,15
Ulster,Shandaken Town PD,2023,3,9,12,0,0,0,3,9,12
Ulster,Shawangunk Town PD,2007,5,12,17,0,6,6,5,18,23
Ulster,Shawangunk Town PD,2008,7,12,19,0,3,3,7,15,22
Ulster,Shawangunk Town PD,2009,7,12,19,0,3,3,7,15,22
Ulster,Shawangunk Town PD,2010,7,12,19,0,3,3,7,15,22
Ulster,Shawangunk Town PD,2011,7,10,17,0,3,3,7,13,20
Ulster,Shawangunk Town PD,2012,6,9,15,0,4,4,6,13,19
Ulster,Shawangunk Town PD,2013,6,9,15,0,5,5,6,14,20
Ulster,Shawangunk Town PD,2014,5,12,17,0,6,6,5,18,23
Ulster,Shawangunk Town PD,2015,4,13,17,0,5,5,4,18,22
Ulster,Shawangunk Town PD,2016,4,14,18,0,5,5,4,19,23
Ulster,Shawangunk Town PD,2017,5,14,19,0,5,5,5,19,24
Ulster,Shawangunk Town PD,2018,5,16,21,0,0,0,5,16,21
Ulster,Shawangunk Town PD,2019,4,16,20,0,6,6,4,22,26
Ulster,Shawangunk Town PD,2020,3,15,18,0,0,0,3,15,18
Ulster,Shawangunk Town PD,2021,6,16,22,0,0,0,6,16,22
Ulster,Shawangunk Town PD,2022,5,15,20,0,0,0,5,15,20
Ulster,Shawangunk Town PD,2023,6,14,20,0,2,2,6,16,22
Ulster,SUNY Police - New Paltz,2007,23,0,23,3,0,3,26,0,26
Ulster,SUNY Police - New Paltz,2008,22,0,22,4,0,4,26,0,26
Ulster,SUNY Police - New Paltz,2009,23,0,23,4,0,4,27,0,27
Ulster,SUNY Police - New Paltz,2010,21,0,21,3,0,3,24,0,24
Ulster,SUNY Police - New Paltz,2011,24,0,24,3,0,3,27,0,27
Ulster,SUNY Police - New Paltz,2012,23,0,23,3,0,3,26,0,26
Ulster,SUNY Police - New Paltz,2013,23,0,23,4,0,4,27,0,27
Ulster,SUNY Police - New Paltz,2014,24,0,24,4,0,4,28,0,28
Ulster,SUNY Police - New Paltz,2015,23,0,23,5,0,5,28,0,28
Ulster,SUNY Police - New Paltz,2016,21,0,21,4,0,4,25,0,25
Ulster,SUNY Police - New Paltz,2017,23,0,23,4,1,5,27,1,28
Ulster,SUNY Police - New Paltz,2018,22,0,22,4,1,5,26,1,27
Ulster,SUNY Police - New Paltz,2019,23,0,23,5,0,5,28,0,28
Ulster,SUNY Police - New Paltz,2020,21,0,21,5,0,5,26,0,26
Ulster,SUNY Police - New Paltz,2021,20,0,20,4,0,4,24,0,24
Ulster,SUNY Police - New Paltz,2022,19,0,19,4,0,4,23,0,23
Ulster,SUNY Police - New Paltz,2023,21,0,21,5,0,5,26,0,26
Ulster,Ulster County Sheriff,2007,56,15,71,21,2,23,77,17,94
Ulster,Ulster County Sheriff,2008,68,24,92,19,2,21,87,26,113
Ulster,Ulster County Sheriff,2009,57,16,73,21,10,31,78,26,104
Ulster,Ulster County Sheriff,2010,57,18,75,21,11,32,78,29,107
Ulster,Ulster County Sheriff,2011,57,17,74,21,15,36,78,32,110
Ulster,Ulster County Sheriff,2012,57,15,72,19,14,33,76,29,105
Ulster,Ulster County Sheriff,2013,56,19,75,3,3,6,59,22,81
Ulster,Ulster County Sheriff,2014,56,19,75,3,3,6,59,22,81
Ulster,Ulster County Sheriff,2015,56,19,75,3,3,6,59,22,81
Ulster,Ulster County Sheriff,2016,56,19,75,3,4,7,59,23,82
Ulster,Ulster County Sheriff,2017,56,19,75,3,4,7,59,23,82
Ulster,Ulster County Sheriff,2018,56,19,75,3,4,7,59,23,82
Ulster,Ulster County Sheriff,2019,60,24,84,23,18,41,83,42,125
Ulster,Ulster County Sheriff,2021,58,23,81,13,3,16,71,26,97
Ulster,Ulster County Sheriff,2022,63,22,85,30,29,59,93,51,144
Ulster,Ulster County Sheriff,2023,64,20,84,34,13,47,98,33,131
Ulster,Ulster Town PD,2007,28,9,37,4,6,10,32,15,47
Ulster,Ulster Town PD,2008,29,12,41,4,6,10,33,18,51
Ulster,Ulster Town PD,2009,30,10,40,4,6,10,34,16,50
Ulster,Ulster Town PD,2010,25,11,36,4,7,11,29,18,47
Ulster,Ulster Town PD,2011,25,10,35,4,7,11,29,17,46
Ulster,Ulster Town PD,2012,24,9,33,4,8,12,28,17,45
Ulster,Ulster Town PD,2013,24,10,34,4,7,11,28,17,45
Ulster,Ulster Town PD,2014,24,8,32,4,9,13,28,17,45
Ulster,Ulster Town PD,2015,25,11,36,4,6,10,29,17,46
Ulster,Ulster Town PD,2016,23,10,33,3,8,11,26,18,44
Ulster,Ulster Town PD,2017,22,9,31,4,8,12,26,17,43
Ulster,Ulster Town PD,2018,24,11,35,4,6,10,28,17,45
Ulster,Ulster Town PD,2019,23,10,33,4,6,10,27,16,43
Ulster,Ulster Town PD,2020,24,12,36,4,6,10,28,18,46
Ulster,Ulster Town PD,2021,24,14,38,4,8,12,28,22,50
Ulster,Ulster Town PD,2022,22,7,29,3,4,7,25,11,36
Ulster,Ulster Town PD,2023,23,13,36,4,5,9,27,18,45
Ulster,Woodstock Town PD,2007,10,8,18,4,6,10,14,14,28
Ulster,Woodstock Town PD,2008,11,9,20,4,4,8,15,13,28
Ulster,Woodstock Town PD,2009,10,8,18,4,4,8,14,12,26
Ulster,Woodstock Town PD,2010,10,10,20,0,1,1,10,11,21
Ulster,Woodstock Town PD,2011,10,9,19,0,1,1,10,10,20
Ulster,Woodstock Town PD,2012,10,10,20,0,1,1,10,11,21
Ulster,Woodstock Town PD,2013,10,10,20,0,1,1,10,11,21
Ulster,Woodstock Town PD,2014,10,10,20,0,0,0,10,10,20
Ulster,Woodstock Town PD,2015,10,11,21,0,0,0,10,11,21
Ulster,Woodstock Town PD,2016,10,11,21,0,0,0,10,11,21
Ulster,Woodstock Town PD,2017,10,10,20,0,0,0,10,10,20
Ulster,Woodstock Town PD,2018,10,10,20,0,0,0,10,10,20
Ulster,Woodstock Town PD,2019,10,11,21,0,0,0,10,11,21
Ulster,Woodstock Town PD,2020,10,13,23,0,0,0,10,13,23
Ulster,Woodstock Town PD,2021,10,12,22,0,0,0,10,12,22
Ulster,Woodstock Town PD,2022,10,13,23,0,0,0,10,13,23
Ulster,Woodstock Town PD,2023,10,10,20,0,0,0,10,10,20
Warren,Bolton Town PD,2007,0,3,3,0,0,0,0,3,3
Warren,Bolton Town PD,2008,0,3,3,0,0,0,0,3,3
Warren,Bolton Town PD,2009,0,3,3,0,0,0,0,3,3
Warren,Bolton Town PD,2010,0,3,3,0,0,0,0,3,3
Warren,Bolton Town PD,2011,0,3,3,0,0,0,0,3,3
Warren,Bolton Town PD,2012,0,4,4,0,0,0,0,4,4
Warren,Bolton Town PD,2013,0,4,4,0,0,0,0,4,4
Warren,Bolton Town PD,2014,0,4,4,0,0,0,0,4,4
Warren,Bolton Town PD,2015,0,4,4,0,0,0,0,4,4
Warren,Bolton Town PD,2016,0,4,4,0,0,0,0,4,4
Warren,Bolton Town PD,2017,0,4,4,0,0,0,0,4,4
Warren,Bolton Town PD,2018,0,4,4,0,0,0,0,4,4
Warren,Bolton Town PD,2019,0,4,4,0,0,0,0,4,4
Warren,Bolton Town PD,2020,0,3,3,0,0,0,0,3,3
Warren,Bolton Town PD,2021,0,5,5,0,0,0,0,5,5
Warren,Bolton Town PD,2022,0,4,4,0,0,0,0,4,4
Warren,Glens Falls City PD,2007,31,0,31,5,0,5,36,0,36
Warren,Glens Falls City PD,2008,29,0,29,6,1,7,35,1,36
Warren,Glens Falls City PD,2009,31,0,31,6,0,6,37,0,37
Warren,Glens Falls City PD,2010,31,0,31,6,0,6,37,0,37
Warren,Glens Falls City PD,2011,30,0,30,6,0,6,36,0,36
Warren,Glens Falls City PD,2012,31,0,31,2,0,2,33,0,33
Warren,Glens Falls City PD,2013,30,0,30,2,0,2,32,0,32
Warren,Glens Falls City PD,2014,27,0,27,2,0,2,29,0,29
Warren,Glens Falls City PD,2015,28,0,28,2,0,2,30,0,30
Warren,Glens Falls City PD,2016,27,0,27,2,13,15,29,13,42
Warren,Glens Falls City PD,2017,28,0,28,2,17,19,30,17,47
Warren,Glens Falls City PD,2018,30,0,30,2,19,21,32,19,51
Warren,Glens Falls City PD,2019,30,0,30,2,17,19,32,17,49
Warren,Glens Falls City PD,2020,30,0,30,2,17,19,32,17,49
Warren,Glens Falls City PD,2021,28,0,28,0,2,2,28,2,30
Warren,Glens Falls City PD,2022,25,2,27,2,0,2,27,2,29
Warren,Glens Falls City PD,2023,24,0,24,2,0,2,26,0,26
Warren,Warren County Sheriff,2007,73,9,82,36,16,52,109,25,134
Warren,Warren County Sheriff,2008,72,7,79,34,15,49,106,22,128
Warren,Warren County Sheriff,2009,70,7,77,36,14,50,106,21,127
Warren,Warren County Sheriff,2010,69,3,72,40,14,54,109,17,126
Warren,Warren County Sheriff,2011,67,6,73,45,16,61,112,22,134
Warren,Warren County Sheriff,2013,66,6,72,39,18,57,105,24,129
Warren,Warren County Sheriff,2014,67,11,78,36,3,39,103,14,117
Warren,Warren County Sheriff,2015,67,11,78,40,19,59,107,30,137
Warren,Warren County Sheriff,2016,67,11,78,37,20,57,104,31,135
Warren,Warren County Sheriff,2017,68,14,82,33,18,51,101,32,133
Warren,Warren County Sheriff,2018,68,22,90,37,21,58,105,43,148
Warren,Warren County Sheriff,2019,64,22,86,54,22,76,118,44,162
Warren,Warren County Sheriff,2020,71,19,90,38,22,60,109,41,150
Warren,Warren County Sheriff,2021,78,23,101,39,20,59,117,43,160
Warren,Warren County Sheriff,2022,75,19,94,37,20,57,112,39,151
Warren,Warren County Sheriff,2023,75,19,94,37,20,57,112,39,151
Washington,Cambridge Vg PD,2007,6,13,19,0,0,0,6,13,19
Washington,Cambridge Vg PD,2008,4,16,20,0,0,0,4,16,20
Washington,Cambridge Vg PD,2009,4,9,13,0,0,0,4,9,13
Washington,Cambridge Vg PD,2010,6,13,19,0,0,0,6,13,19
Washington,Cambridge Vg PD,2012,6,11,17,0,0,0,6,11,17
Washington,Cambridge Vg PD,2013,6,15,21,0,0,0,6,15,21
Washington,Cambridge Vg PD,2014,6,18,24,0,0,0,6,18,24
Washington,Cambridge Vg PD,2015,4,16,20,0,0,0,4,16,20
Washington,Cambridge Vg PD,2016,6,16,22,0,0,0,6,16,22
Washington,Cambridge Vg PD,2017,1,12,13,0,0,0,1,12,13
Washington,Cambridge Vg PD,2018,3,15,18,0,0,0,3,15,18
Washington,Cambridge Vg PD,2019,3,16,19,0,0,0,3,16,19
Washington,Cambridge Vg PD,2020,3,16,19,0,0,0,3,16,19
Washington,Cambridge Vg PD,2021,3,14,17,0,0,0,3,14,17
Washington,Cambridge Vg PD,2022,3,13,16,0,0,0,3,13,16
Washington,Cambridge Vg PD,2023,3,13,16,0,0,0,3,13,16
Washington,Fort Edward Vg PD,2008,5,5,10,0,2,2,5,7,12
Washington,Fort Edward Vg PD,2010,5,4,9,0,2,2,5,6,11
Washington,Fort Edward Vg PD,2011,5,6,11,0,2,2,5,8,13
Washington,Fort Edward Vg PD,2012,5,7,12,0,2,2,5,9,14
Washington,Fort Edward Vg PD,2013,5,8,13,0,2,2,5,10,15
Washington,Fort Edward Vg PD,2014,5,12,17,0,2,2,5,14,19
Washington,Fort Edward Vg PD,2015,4,11,15,0,2,2,4,13,17
Washington,Fort Edward Vg PD,2016,5,10,15,0,2,2,5,12,17
Washington,Fort Edward Vg PD,2017,6,6,12,0,2,2,6,8,14
Washington,Fort Edward Vg PD,2018,5,13,18,0,2,2,5,15,20
Washington,Fort Edward Vg PD,2019,5,11,16,0,3,3,5,14,19
Washington,Fort Edward Vg PD,2020,5,8,13,0,2,2,5,10,15
Washington,Fort Edward Vg PD,2021,6,4,10,0,2,2,6,6,12
Washington,Fort Edward Vg PD,2022,5,3,8,0,0,0,5,3,8
Washington,Granville Vg PD,2007,6,5,11,0,0,0,6,5,11
Washington,Granville Vg PD,2008,6,5,11,0,0,0,6,5,11
Washington,Granville Vg PD,2009,6,5,11,0,0,0,6,5,11
Washington,Granville Vg PD,2010,5,5,10,0,0,0,5,5,10
Washington,Granville Vg PD,2011,4,6,10,0,0,0,4,6,10
Washington,Granville Vg PD,2012,5,5,10,0,0,0,5,5,10
Washington,Granville Vg PD,2013,5,9,14,0,0,0,5,9,14
Washington,Granville Vg PD,2014,5,11,16,0,0,0,5,11,16
Washington,Granville Vg PD,2015,4,6,10,0,0,0,4,6,10
Washington,Granville Vg PD,2016,6,8,14,0,0,0,6,8,14
Washington,Granville Vg PD,2017,5,10,15,0,0,0,5,10,15
Washington,Granville Vg PD,2018,15,14,29,0,1,1,15,15,30
Washington,Granville Vg PD,2019,5,8,13,0,0,0,5,8,13
Washington,Granville Vg PD,2020,6,8,14,0,0,0,6,8,14
Washington,Granville Vg PD,2021,4,6,10,0,0,0,4,6,10
Washington,Granville Vg PD,2022,3,8,11,0,1,1,3,9,12
Washington,Granville Vg PD,2023,3,10,13,0,0,0,3,10,13
Washington,Greenwich Vg PD,2007,6,13,19,0,0,0,6,13,19
Washington,Greenwich Vg PD,2008,4,16,20,0,0,0,4,16,20
Washington,Greenwich Vg PD,2009,4,9,13,0,0,0,4,9,13
Washington,Greenwich Vg PD,2010,6,13,19,0,0,0,6,13,19
Washington,Greenwich Vg PD,2011,4,13,17,0,0,0,4,13,17
Washington,Greenwich Vg PD,2012,6,14,20,0,0,0,6,14,20
Washington,Greenwich Vg PD,2013,6,14,20,0,0,0,6,14,20
Washington,Greenwich Vg PD,2014,2,18,20,0,0,0,2,18,20
Washington,Greenwich Vg PD,2015,2,16,18,0,0,0,2,16,18
Washington,Greenwich Vg PD,2016,6,16,22,0,0,0,6,16,22
Washington,Greenwich Vg PD,2017,1,12,13,0,0,0,1,12,13
Washington,Greenwich Vg PD,2018,1,15,16,0,0,0,1,15,16
Washington,Greenwich Vg PD,2019,2,16,18,0,0,0,2,16,18
Washington,Greenwich Vg PD,2020,1,16,17,0,0,0,1,16,17
Washington,Greenwich Vg PD,2021,2,14,16,0,0,0,2,14,16
Washington,Greenwich Vg PD,2022,1,13,14,0,0,0,1,13,14
Washington,Greenwich Vg PD,2023,2,12,14,0,0,0,2,12,14
Washington,Hudson Falls Vg PD,2007,12,5,17,3,4,7,15,9,24
Washington,Hudson Falls Vg PD,2008,13,4,17,3,4,7,16,8,24
Washington,Hudson Falls Vg PD,2009,13,5,18,3,4,7,16,9,25
Washington,Hudson Falls Vg PD,2010,13,5,18,3,4,7,16,9,25
Washington,Hudson Falls Vg PD,2011,13,6,19,3,7,10,16,13,29
Washington,Hudson Falls Vg PD,2012,13,4,17,1,8,9,14,12,26
Washington,Hudson Falls Vg PD,2013,14,8,22,0,0,0,14,8,22
Washington,Hudson Falls Vg PD,2014,12,5,17,0,0,0,12,5,17
Washington,Hudson Falls Vg PD,2015,12,5,17,0,0,0,12,5,17
Washington,Hudson Falls Vg PD,2016,14,4,18,0,0,0,14,4,18
Washington,Hudson Falls Vg PD,2017,11,4,15,0,0,0,11,4,15
Washington,Hudson Falls Vg PD,2018,10,5,15,0,0,0,10,5,15
Washington,Hudson Falls Vg PD,2019,12,2,14,0,0,0,12,2,14
Washington,Hudson Falls Vg PD,2020,12,5,17,0,3,3,12,8,20
Washington,Hudson Falls Vg PD,2021,12,7,19,0,3,3,12,10,22
Washington,Hudson Falls Vg PD,2022,11,8,19,0,3,3,11,11,22
Washington,Hudson Falls Vg PD,2023,13,5,18,0,0,0,13,5,18
Washington,Washington County Sheriff,2007,31,12,43,6,1,7,37,13,50
Washington,Washington County Sheriff,2008,31,15,46,6,1,7,37,16,53
Washington,Washington County Sheriff,2009,31,18,49,6,1,7,37,19,56
Washington,Washington County Sheriff,2010,31,20,51,6,0,6,37,20,57
Washington,Washington County Sheriff,2011,33,11,44,14,7,21,47,18,65
Washington,Washington County Sheriff,2012,33,11,44,14,7,21,47,18,65
Washington,Washington County Sheriff,2013,35,12,47,11,12,23,46,24,70
Washington,Washington County Sheriff,2014,29,9,38,11,10,21,40,19,59
Washington,Washington County Sheriff,2015,35,7,42,8,0,8,43,7,50
Washington,Washington County Sheriff,2016,41,8,49,5,0,5,46,8,54
Washington,Washington County Sheriff,2017,39,11,50,6,0,6,45,11,56
Washington,Washington County Sheriff,2018,39,10,49,6,0,6,45,10,55
Washington,Washington County Sheriff,2019,40,9,49,5,1,6,45,10,55
Washington,Washington County Sheriff,2020,42,9,51,4,1,5,46,10,56
Washington,Washington County Sheriff,2021,45,8,53,6,0,6,51,8,59
Washington,Washington County Sheriff,2022,42,12,54,5,0,5,47,12,59
Washington,Washington County Sheriff,2023,60,8,68,7,0,7,67,8,75
Washington,Whitehall Vg PD,2007,5,11,16,0,0,0,5,11,16
Washington,Whitehall Vg PD,2008,5,11,16,0,0,0,5,11,16
Washington,Whitehall Vg PD,2009,4,12,16,0,0,0,4,12,16
Washington,Whitehall Vg PD,2010,4,13,17,0,0,0,4,13,17
Washington,Whitehall Vg PD,2011,4,14,18,0,0,0,4,14,18
Washington,Whitehall Vg PD,2012,4,16,20,0,0,0,4,16,20
Washington,Whitehall Vg PD,2013,4,9,13,0,1,1,4,10,14
Washington,Whitehall Vg PD,2014,4,12,16,0,1,1,4,13,17
Washington,Whitehall Vg PD,2016,3,15,18,0,2,2,3,17,20
Washington,Whitehall Vg PD,2021,3,9,12,0,1,1,3,10,13
Washington,Whitehall Vg PD,2022,4,4,8,0,0,0,4,4,8
Washington,Whitehall Vg PD,2023,5,6,11,0,0,0,5,6,11
Wayne,Clyde Vg PD,2007,4,3,7,1,0,1,5,3,8
Wayne,Clyde Vg PD,2008,3,5,8,1,0,1,4,5,9
Wayne,Clyde Vg PD,2009,1,8,9,1,0,1,2,8,10
Wayne,Clyde Vg PD,2010,0,6,6,1,0,1,1,6,7
Wayne,Clyde Vg PD,2011,0,8,8,1,0,1,1,8,9
Wayne,Clyde Vg PD,2012,0,8,8,1,0,1,1,8,9
Wayne,Clyde Vg PD,2013,0,10,10,1,0,1,1,10,11
Wayne,Clyde Vg PD,2014,0,9,9,1,0,1,1,9,10
Wayne,Clyde Vg PD,2015,0,12,12,1,0,1,1,12,13
Wayne,Clyde Vg PD,2016,0,11,11,1,0,1,1,11,12
Wayne,Clyde Vg PD,2017,0,12,12,1,0,1,1,12,13
Wayne,Clyde Vg PD,2018,0,10,10,1,0,1,1,10,11
Wayne,Clyde Vg PD,2019,0,12,12,1,0,1,1,12,13
Wayne,Clyde Vg PD,2020,0,11,11,1,0,1,1,11,12
Wayne,Clyde Vg PD,2021,0,9,9,1,0,1,1,9,10
Wayne,Clyde Vg PD,2022,0,6,6,1,0,1,1,6,7
Wayne,Clyde Vg PD,2023,0,7,7,1,0,1,1,7,8
Wayne,Macedon Town and Vg PD,2007,3,0,3,0,1,1,3,1,4
Wayne,Macedon Town and Vg PD,2008,3,3,6,0,1,1,3,4,7
Wayne,Macedon Town and Vg PD,2009,4,5,9,1,0,1,5,5,10
Wayne,Macedon Town and Vg PD,2010,4,6,10,1,0,1,5,6,11
Wayne,Macedon Town and Vg PD,2011,5,4,9,1,0,1,6,4,10
Wayne,Macedon Town and Vg PD,2012,4,4,8,1,0,1,5,4,9
Wayne,Macedon Town and Vg PD,2013,6,4,10,1,0,1,7,4,11
Wayne,Macedon Town and Vg PD,2014,5,6,11,0,0,0,5,6,11
Wayne,Macedon Town and Vg PD,2015,7,4,11,1,0,1,8,4,12
Wayne,Macedon Town and Vg PD,2016,5,4,9,1,0,1,6,4,10
Wayne,Macedon Town and Vg PD,2017,7,7,14,1,0,1,8,7,15
Wayne,Macedon Town and Vg PD,2018,6,5,11,1,0,1,7,5,12
Wayne,Macedon Town and Vg PD,2019,6,6,12,1,0,1,7,6,13
Wayne,Macedon Town and Vg PD,2020,6,5,11,1,0,1,7,5,12
Wayne,Macedon Town and Vg PD,2021,7,5,12,1,0,1,8,5,13
Wayne,Macedon Town and Vg PD,2022,5,5,10,1,0,1,6,5,11
Wayne,Macedon Town and Vg PD,2023,8,6,14,1,0,1,9,6,15
Wayne,Newark Vg PD,2007,16,0,16,1,1,2,17,1,18
Wayne,Newark Vg PD,2008,15,0,15,1,6,7,16,6,22
Wayne,Newark Vg PD,2009,17,0,17,1,7,8,18,7,25
Wayne,Newark Vg PD,2010,18,0,18,1,8,9,19,8,27
Wayne,Newark Vg PD,2011,17,0,17,1,7,8,18,7,25
Wayne,Newark Vg PD,2012,17,0,17,1,1,2,18,1,19
Wayne,Newark Vg PD,2013,17,0,17,1,1,2,18,1,19
Wayne,Newark Vg PD,2014,18,0,18,1,1,2,19,1,20
Wayne,Newark Vg PD,2015,17,1,18,1,0,1,18,1,19
Wayne,Newark Vg PD,2016,17,1,18,1,0,1,18,1,19
Wayne,Newark Vg PD,2017,17,1,18,1,0,1,18,1,19
Wayne,Newark Vg PD,2018,14,0,14,1,0,1,15,0,15
Wayne,Newark Vg PD,2019,16,0,16,1,1,2,17,1,18
Wayne,Newark Vg PD,2020,14,0,14,0,0,0,14,0,14
Wayne,Newark Vg PD,2021,14,0,14,1,1,2,15,1,16
Wayne,Newark Vg PD,2022,14,0,14,1,7,8,15,7,22
Wayne,Newark Vg PD,2023,11,2,13,1,0,1,12,2,14
Wayne,Palmyra Vg PD,2007,5,0,5,1,2,3,6,2,8
Wayne,Palmyra Vg PD,2008,5,0,5,1,5,6,6,5,11
Wayne,Palmyra Vg PD,2009,5,0,5,1,3,4,6,3,9
Wayne,Palmyra Vg PD,2010,5,0,5,1,2,3,6,2,8
Wayne,Palmyra Vg PD,2011,5,0,5,1,2,3,6,2,8
Wayne,Palmyra Vg PD,2012,5,0,5,1,2,3,6,2,8
Wayne,Palmyra Vg PD,2013,6,0,6,0,2,2,6,2,8
Wayne,Palmyra Vg PD,2014,5,0,5,1,0,1,6,0,6
Wayne,Palmyra Vg PD,2015,5,0,5,1,2,3,6,2,8
Wayne,Palmyra Vg PD,2016,5,0,5,1,2,3,6,2,8
Wayne,Palmyra Vg PD,2017,5,0,5,1,3,4,6,3,9
Wayne,Palmyra Vg PD,2018,5,1,6,1,0,1,6,1,7
Wayne,Palmyra Vg PD,2022,5,0,5,1,0,1,6,0,6
Wayne,Palmyra Vg PD,2023,5,5,10,1,0,1,6,5,11
Wayne,Sodus Point Vg PD,2007,0,3,3,0,0,0,0,3,3
Wayne,Sodus Point Vg PD,2008,0,3,3,0,0,0,0,3,3
Wayne,Sodus Point Vg PD,2009,0,3,3,0,0,0,0,3,3
Wayne,Sodus Point Vg PD,2010,0,3,3,0,0,0,0,3,3
Wayne,Sodus Point Vg PD,2011,0,3,3,0,0,0,0,3,3
Wayne,Sodus Point Vg PD,2012,0,3,3,0,0,0,0,3,3
Wayne,Sodus Point Vg PD,2013,0,2,2,0,0,0,0,2,2
Wayne,Sodus Point Vg PD,2014,0,3,3,0,0,0,0,3,3
Wayne,Sodus Point Vg PD,2015,0,3,3,0,0,0,0,3,3
Wayne,Sodus Point Vg PD,2016,0,4,4,0,0,0,0,4,4
Wayne,Sodus Vg PD,2008,1,4,5,0,0,0,1,4,5
Wayne,Sodus Vg PD,2009,1,3,4,0,1,1,1,4,5
Wayne,Sodus Vg PD,2010,1,3,4,0,1,1,1,4,5
Wayne,Sodus Vg PD,2011,1,0,1,0,1,1,1,1,2
Wayne,Sodus Vg PD,2012,1,0,1,0,1,1,1,1,2
Wayne,Sodus Vg PD,2013,1,0,1,0,0,0,1,0,1
Wayne,Sodus Vg PD,2014,1,0,1,0,0,0,1,0,1
Wayne,Sodus Vg PD,2015,1,1,2,0,0,0,1,1,2
Wayne,Sodus Vg PD,2016,1,1,2,0,0,0,1,1,2
Wayne,Sodus Vg PD,2017,2,0,2,0,0,0,2,0,2
Wayne,Sodus Vg PD,2018,0,2,2,0,0,0,0,2,2
Wayne,Sodus Vg PD,2019,0,3,3,0,0,0,0,3,3
Wayne,Sodus Vg PD,2020,0,2,2,0,0,0,0,2,2
Wayne,Sodus Vg PD,2021,0,2,2,0,0,0,0,2,2
Wayne,Sodus Vg PD,2022,0,2,2,0,0,0,0,2,2
Wayne,Sodus Vg PD,2023,0,3,3,0,0,0,0,3,3
Wayne,Wayne County Sheriff,2007,52,12,64,12,5,17,64,17,81
Wayne,Wayne County Sheriff,2008,54,12,66,12,5,17,66,17,83
Wayne,Wayne County Sheriff,2009,50,12,62,8,1,9,58,13,71
Wayne,Wayne County Sheriff,2010,50,12,62,8,1,9,58,13,71
Wayne,Wayne County Sheriff,2011,53,12,65,8,1,9,61,13,74
Wayne,Wayne County Sheriff,2012,53,12,65,8,1,9,61,13,74
Wayne,Wayne County Sheriff,2013,53,12,65,8,1,9,61,13,74
Wayne,Wayne County Sheriff,2014,53,12,65,8,1,9,61,13,74
Wayne,Wayne County Sheriff,2015,51,10,61,11,5,16,62,15,77
Wayne,Wayne County Sheriff,2016,62,10,72,8,0,8,70,10,80
Wayne,Wayne County Sheriff,2017,69,9,78,12,3,15,81,12,93
Wayne,Wayne County Sheriff,2018,69,9,78,11,4,15,80,13,93
Wayne,Wayne County Sheriff,2019,72,8,80,8,1,9,80,9,89
Wayne,Wayne County Sheriff,2020,74,9,83,7,0,7,81,9,90
Wayne,Wayne County Sheriff,2021,84,7,91,8,0,8,92,7,99
Wayne,Wayne County Sheriff,2022,68,6,74,7,1,8,75,7,82
Wayne,Wayne County Sheriff,2023,74,7,81,7,0,7,81,7,88
Wayne,Wolcott Vg PD,2008,1,5,6,0,0,0,1,5,6
Wayne,Wolcott Vg PD,2009,1,4,5,0,1,1,1,5,6
Wayne,Wolcott Vg PD,2010,1,4,5,0,1,1,1,5,6
Wayne,Wolcott Vg PD,2013,0,0,0,0,3,3,0,3,3
Wayne,Wolcott Vg PD,2014,0,3,3,0,0,0,0,3,3
Wayne,Wolcott Vg PD,2015,0,3,3,0,0,0,0,3,3
Wayne,Wolcott Vg PD,2016,0,4,4,0,0,0,0,4,4
Wayne,Wolcott Vg PD,2017,0,3,3,0,0,0,0,3,3
Wayne,Wolcott Vg PD,2018,0,2,2,0,0,0,0,2,2
Wayne,Wolcott Vg PD,2019,1,0,1,0,1,1,1,1,2
Wayne,Wolcott Vg PD,2020,1,0,1,0,0,0,1,0,1
Westchester,Ardsley Vg PD,2007,20,0,20,0,1,1,20,1,21
Westchester,Ardsley Vg PD,2008,20,0,20,0,1,1,20,1,21
Westchester,Ardsley Vg PD,2009,20,0,20,0,0,0,20,0,20
Westchester,Ardsley Vg PD,2010,20,0,20,0,0,0,20,0,20
Westchester,Ardsley Vg PD,2011,19,0,19,0,0,0,19,0,19
Westchester,Ardsley Vg PD,2012,19,0,19,0,0,0,19,0,19
Westchester,Ardsley Vg PD,2013,19,0,19,0,0,0,19,0,19
Westchester,Ardsley Vg PD,2014,19,0,19,0,0,0,19,0,19
Westchester,Ardsley Vg PD,2015,19,0,19,0,0,0,19,0,19
Westchester,Ardsley Vg PD,2016,19,0,19,0,0,0,19,0,19
Westchester,Ardsley Vg PD,2017,19,0,19,0,0,0,19,0,19
Westchester,Ardsley Vg PD,2018,19,1,20,0,0,0,19,1,20
Westchester,Ardsley Vg PD,2019,19,1,20,0,0,0,19,1,20
Westchester,Ardsley Vg PD,2020,19,0,19,0,1,1,19,1,20
Westchester,Ardsley Vg PD,2021,19,0,19,0,1,1,19,1,20
Westchester,Ardsley Vg PD,2022,20,0,20,0,1,1,20,1,21
Westchester,Ardsley Vg PD,2023,18,0,18,0,3,3,18,3,21
Westchester,Bedford Town PD,2007,45,0,45,5,8,13,50,8,58
Westchester,Bedford Town PD,2008,43,0,43,5,8,13,48,8,56
Westchester,Bedford Town PD,2009,39,0,39,4,9,13,43,9,52
Westchester,Bedford Town PD,2010,41,0,41,5,8,13,46,8,54
Westchester,Bedford Town PD,2011,38,0,38,5,9,14,43,9,52
Westchester,Bedford Town PD,2012,38,0,38,5,9,14,43,9,52
Westchester,Bedford Town PD,2013,37,0,37,5,9,14,42,9,51
Westchester,Bedford Town PD,2014,39,0,39,5,9,14,44,9,53
Westchester,Bedford Town PD,2015,38,0,38,5,5,10,43,5,48
Westchester,Bedford Town PD,2016,39,0,39,5,6,11,44,6,50
Westchester,Bedford Town PD,2017,38,0,38,5,5,10,43,5,48
Westchester,Bedford Town PD,2018,38,0,38,5,8,13,43,8,51
Westchester,Bedford Town PD,2019,40,0,40,5,9,14,45,9,54
Westchester,Bedford Town PD,2021,36,0,36,5,5,10,41,5,46
Westchester,Bedford Town PD,2022,38,0,38,5,4,9,43,4,47
Westchester,Bedford Town PD,2023,36,0,36,5,3,8,41,3,44
Westchester,Briarcliff Manor Vg PD,2007,20,0,20,0,2,2,20,2,22
Westchester,Briarcliff Manor Vg PD,2008,19,0,19,0,1,1,19,1,20
Westchester,Briarcliff Manor Vg PD,2009,19,0,19,0,1,1,19,1,20
Westchester,Briarcliff Manor Vg PD,2010,19,0,19,0,0,0,19,0,19
Westchester,Briarcliff Manor Vg PD,2011,19,0,19,0,1,1,19,1,20
Westchester,Briarcliff Manor Vg PD,2012,19,0,19,0,1,1,19,1,20
Westchester,Briarcliff Manor Vg PD,2013,19,0,19,0,1,1,19,1,20
Westchester,Briarcliff Manor Vg PD,2014,18,0,18,0,1,1,18,1,19
Westchester,Briarcliff Manor Vg PD,2015,18,0,18,0,0,0,18,0,18
Westchester,Briarcliff Manor Vg PD,2016,20,0,20,0,1,1,20,1,21
Westchester,Briarcliff Manor Vg PD,2017,21,1,22,0,0,0,21,1,22
Westchester,Briarcliff Manor Vg PD,2018,21,1,22,0,0,0,21,1,22
Westchester,Briarcliff Manor Vg PD,2019,21,0,21,0,0,0,21,0,21
Westchester,Briarcliff Manor Vg PD,2020,20,0,20,0,0,0,20,0,20
Westchester,Briarcliff Manor Vg PD,2021,20,0,20,0,0,0,20,0,20
Westchester,Briarcliff Manor Vg PD,2022,19,0,19,0,0,0,19,0,19
Westchester,Briarcliff Manor Vg PD,2023,19,0,19,0,0,0,19,0,19
Westchester,Bronxville Vg PD,2007,15,0,15,3,4,7,18,4,22
Westchester,Bronxville Vg PD,2008,22,0,22,0,9,9,22,9,31
Westchester,Bronxville Vg PD,2009,22,0,22,2,10,12,24,10,34
Westchester,Bronxville Vg PD,2010,22,0,22,2,10,12,24,10,34
Westchester,Bronxville Vg PD,2011,21,0,21,2,10,12,23,10,33
Westchester,Bronxville Vg PD,2012,21,0,21,1,12,13,22,12,34
Westchester,Bronxville Vg PD,2013,21,0,21,2,15,17,23,15,38
Westchester,Bronxville Vg PD,2014,21,0,21,2,10,12,23,10,33
Westchester,Bronxville Vg PD,2015,21,0,21,2,13,15,23,13,36
Westchester,Bronxville Vg PD,2016,21,0,21,2,13,15,23,13,36
Westchester,Bronxville Vg PD,2017,21,0,21,2,13,15,23,13,36
Westchester,Bronxville Vg PD,2018,21,0,21,2,13,15,23,13,36
Westchester,Bronxville Vg PD,2019,21,0,21,2,13,15,23,13,36
Westchester,Bronxville Vg PD,2020,21,0,21,2,13,15,23,13,36
Westchester,Bronxville Vg PD,2021,21,0,21,2,13,15,23,13,36
Westchester,Bronxville Vg PD,2022,21,0,21,0,4,4,21,4,25
Westchester,Bronxville Vg PD,2023,23,0,23,0,4,4,23,4,27
Westchester,Buchanan Vg PD,2007,6,0,6,0,0,0,6,0,6
Westchester,Buchanan Vg PD,2008,5,0,5,0,0,0,5,0,5
Westchester,Buchanan Vg PD,2009,6,0,6,0,0,0,6,0,6
Westchester,Buchanan Vg PD,2010,6,0,6,0,0,0,6,0,6
Westchester,Buchanan Vg PD,2013,6,0,6,0,0,0,6,0,6
Westchester,Buchanan Vg PD,2021,6,0,6,0,0,0,6,0,6
Westchester,Buchanan Vg PD,2022,7,0,7,0,0,0,7,0,7
Westchester,Buchanan Vg PD,2023,6,0,6,0,0,0,6,0,6
Westchester,Croton-On-Hudson Vg PD,2007,21,0,21,2,1,3,23,1,24
Westchester,Croton-On-Hudson Vg PD,2008,20,0,20,2,7,9,22,7,29
Westchester,Croton-On-Hudson Vg PD,2010,21,0,21,2,11,13,23,11,34
Westchester,Croton-On-Hudson Vg PD,2011,21,0,21,2,13,15,23,13,36
Westchester,Croton-On-Hudson Vg PD,2012,20,0,20,2,13,15,22,13,35
Westchester,Croton-On-Hudson Vg PD,2013,20,0,20,2,12,14,22,12,34
Westchester,Croton-On-Hudson Vg PD,2014,20,0,20,2,12,14,22,12,34
Westchester,Croton-On-Hudson Vg PD,2015,20,0,20,2,12,14,22,12,34
Westchester,Croton-On-Hudson Vg PD,2016,20,0,20,2,12,14,22,12,34
Westchester,Croton-On-Hudson Vg PD,2017,18,0,18,2,12,14,20,12,32
Westchester,Croton-On-Hudson Vg PD,2018,19,0,19,2,12,14,21,12,33
Westchester,Croton-On-Hudson Vg PD,2019,20,0,20,2,14,16,22,14,36
Westchester,Croton-On-Hudson Vg PD,2020,19,0,19,1,0,1,20,0,20
Westchester,Croton-On-Hudson Vg PD,2021,19,0,19,2,7,9,21,7,28
Westchester,Croton-On-Hudson Vg PD,2022,20,0,20,2,12,14,22,12,34
Westchester,Croton-On-Hudson Vg PD,2023,21,0,21,2,11,13,23,11,34
Westchester,Dobbs Ferry Vg PD,2007,28,0,28,2,13,15,30,13,43
Westchester,Dobbs Ferry Vg PD,2008,27,0,27,2,4,6,29,4,33
Westchester,Dobbs Ferry Vg PD,2009,26,0,26,2,2,4,28,2,30
Westchester,Dobbs Ferry Vg PD,2010,26,0,26,2,3,5,28,3,31
Westchester,Dobbs Ferry Vg PD,2011,25,0,25,2,4,6,27,4,31
Westchester,Dobbs Ferry Vg PD,2012,24,0,24,2,4,6,26,4,30
Westchester,Dobbs Ferry Vg PD,2013,25,0,25,2,5,7,27,5,32
Westchester,Dobbs Ferry Vg PD,2014,25,0,25,2,5,7,27,5,32
Westchester,Dobbs Ferry Vg PD,2015,24,0,24,2,5,7,26,5,31
Westchester,Dobbs Ferry Vg PD,2016,26,0,26,2,2,4,28,2,30
Westchester,Dobbs Ferry Vg PD,2017,26,0,26,2,5,7,28,5,33
Westchester,Dobbs Ferry Vg PD,2018,27,4,31,0,0,0,27,4,31
Westchester,Dobbs Ferry Vg PD,2019,26,0,26,2,14,16,28,14,42
Westchester,Dobbs Ferry Vg PD,2020,27,0,27,2,16,18,29,16,45
Westchester,Dobbs Ferry Vg PD,2021,25,0,25,2,14,16,27,14,41
Westchester,Dobbs Ferry Vg PD,2022,26,0,26,2,2,4,28,2,30
Westchester,Dobbs Ferry Vg PD,2023,24,0,24,0,0,0,24,0,24
Westchester,Eastchester Town PD,2007,48,0,48,7,1,8,55,1,56
Westchester,Eastchester Town PD,2008,46,0,46,7,2,9,53,2,55
Westchester,Eastchester Town PD,2009,46,0,46,5,3,8,51,3,54
Westchester,Eastchester Town PD,2010,49,0,49,5,2,7,54,2,56
Westchester,Eastchester Town PD,2011,48,0,48,5,6,11,53,6,59
Westchester,Eastchester Town PD,2012,45,0,45,4,6,10,49,6,55
Westchester,Eastchester Town PD,2013,45,0,45,2,7,9,47,7,54
Westchester,Eastchester Town PD,2014,49,0,49,4,8,12,53,8,61
Westchester,Eastchester Town PD,2015,50,0,50,2,11,13,52,11,63
Westchester,Eastchester Town PD,2016,46,0,46,2,8,10,48,8,56
Westchester,Eastchester Town PD,2017,46,0,46,2,7,9,48,7,55
Westchester,Eastchester Town PD,2018,48,0,48,2,9,11,50,9,59
Westchester,Eastchester Town PD,2019,46,0,46,2,8,10,48,8,56
Westchester,Eastchester Town PD,2020,48,0,48,2,9,11,50,9,59
Westchester,Eastchester Town PD,2021,47,0,47,2,9,11,49,9,58
Westchester,Eastchester Town PD,2022,46,0,46,2,5,7,48,5,53
Westchester,Eastchester Town PD,2023,48,0,48,2,5,7,50,5,55
Westchester,Elmsford Vg PD,2007,18,0,18,0,2,2,18,2,20
Westchester,Elmsford Vg PD,2008,18,0,18,0,7,7,18,7,25
Westchester,Elmsford Vg PD,2009,18,0,18,0,7,7,18,7,25
Westchester,Elmsford Vg PD,2010,18,0,18,0,7,7,18,7,25
Westchester,Elmsford Vg PD,2011,18,0,18,0,6,6,18,6,24
Westchester,Elmsford Vg PD,2012,18,0,18,0,7,7,18,7,25
Westchester,Elmsford Vg PD,2013,18,0,18,0,7,7,18,7,25
Westchester,Elmsford Vg PD,2014,19,0,19,0,6,6,19,6,25
Westchester,Elmsford Vg PD,2015,19,0,19,1,5,6,20,5,25
Westchester,Elmsford Vg PD,2016,19,5,24,0,0,0,19,5,24
Westchester,Elmsford Vg PD,2017,20,0,20,0,5,5,20,5,25
Westchester,Elmsford Vg PD,2018,21,0,21,4,1,5,25,1,26
Westchester,Elmsford Vg PD,2019,22,0,22,3,4,7,25,4,29
Westchester,Elmsford Vg PD,2020,21,0,21,3,3,6,24,3,27
Westchester,Elmsford Vg PD,2021,22,0,22,3,3,6,25,3,28
Westchester,Elmsford Vg PD,2022,20,0,20,3,3,6,23,3,26
Westchester,Elmsford Vg PD,2023,18,0,18,3,3,6,21,3,24
Westchester,Greenburgh Town PD,2007,120,0,120,22,10,32,142,10,152
Westchester,Greenburgh Town PD,2008,116,0,116,28,13,41,144,13,157
Westchester,Greenburgh Town PD,2009,116,0,116,17,14,31,133,14,147
Westchester,Greenburgh Town PD,2010,116,0,116,31,14,45,147,14,161
Westchester,Greenburgh Town PD,2011,115,0,115,20,2,22,135,2,137
Westchester,Greenburgh Town PD,2012,113,0,113,28,13,41,141,13,154
Westchester,Greenburgh Town PD,2013,115,0,115,29,12,41,144,12,156
Westchester,Greenburgh Town PD,2014,116,0,116,30,12,42,146,12,158
Westchester,Greenburgh Town PD,2015,115,0,115,27,13,40,142,13,155
Westchester,Greenburgh Town PD,2016,112,0,112,28,12,40,140,12,152
Westchester,Greenburgh Town PD,2017,109,0,109,31,12,43,140,12,152
Westchester,Greenburgh Town PD,2018,105,0,105,32,11,43,137,11,148
Westchester,Greenburgh Town PD,2019,112,0,112,32,13,45,144,13,157
Westchester,Greenburgh Town PD,2020,107,0,107,28,13,41,135,13,148
Westchester,Greenburgh Town PD,2021,107,0,107,28,13,41,135,13,148
Westchester,Greenburgh Town PD,2022,115,0,115,27,16,43,142,16,158
Westchester,Greenburgh Town PD,2023,108,0,108,35,22,57,143,22,165
Westchester,Harrison Town PD,2007,83,0,83,9,15,24,92,15,107
Westchester,Harrison Town PD,2008,73,0,73,9,15,24,82,15,97
Westchester,Harrison Town PD,2009,72,0,72,10,15,25,82,15,97
Westchester,Harrison Town PD,2010,59,0,59,10,17,27,69,17,86
Westchester,Harrison Town PD,2011,57,0,57,9,16,25,66,16,82
Westchester,Harrison Town PD,2012,60,0,60,9,16,25,69,16,85
Westchester,Harrison Town PD,2013,59,0,59,6,21,27,65,21,86
Westchester,Harrison Town PD,2014,63,0,63,10,24,34,73,24,97
Westchester,Harrison Town PD,2015,66,0,66,12,19,31,78,19,97
Westchester,Harrison Town PD,2016,63,0,63,11,24,35,74,24,98
Westchester,Harrison Town PD,2017,60,0,60,10,21,31,70,21,91
Westchester,Harrison Town PD,2018,65,0,65,11,17,28,76,17,93
Westchester,Harrison Town PD,2019,67,0,67,11,21,32,78,21,99
Westchester,Harrison Town PD,2020,68,0,68,11,15,26,79,15,94
Westchester,Harrison Town PD,2021,66,0,66,11,16,27,77,16,93
Westchester,Harrison Town PD,2022,71,0,71,12,14,26,83,14,97
Westchester,Harrison Town PD,2023,75,0,75,11,15,26,86,15,101
Westchester,Hastings-on-Hudson Vg PD,2007,21,0,21,0,3,3,21,3,24
Westchester,Hastings-on-Hudson Vg PD,2008,21,0,21,0,3,3,21,3,24
Westchester,Hastings-on-Hudson Vg PD,2009,20,0,20,0,4,4,20,4,24
Westchester,Hastings-on-Hudson Vg PD,2010,20,0,20,0,3,3,20,3,23
Westchester,Hastings-on-Hudson Vg PD,2011,21,0,21,0,3,3,21,3,24
Westchester,Hastings-on-Hudson Vg PD,2012,20,0,20,0,2,2,20,2,22
Westchester,Hastings-on-Hudson Vg PD,2013,20,0,20,0,2,2,20,2,22
Westchester,Hastings-on-Hudson Vg PD,2014,20,0,20,0,3,3,20,3,23
Westchester,Hastings-on-Hudson Vg PD,2015,20,0,20,0,3,3,20,3,23
Westchester,Hastings-on-Hudson Vg PD,2016,21,0,21,0,3,3,21,3,24
Westchester,Hastings-on-Hudson Vg PD,2017,21,0,21,0,4,4,21,4,25
Westchester,Hastings-on-Hudson Vg PD,2018,21,0,21,0,5,5,21,5,26
Westchester,Hastings-on-Hudson Vg PD,2019,19,0,19,0,4,4,19,4,23
Westchester,Hastings-on-Hudson Vg PD,2020,21,0,21,0,3,3,21,3,24
Westchester,Hastings-on-Hudson Vg PD,2021,20,0,20,0,3,3,20,3,23
Westchester,Hastings-on-Hudson Vg PD,2022,19,0,19,0,4,4,19,4,23
Westchester,Hastings-on-Hudson Vg PD,2023,19,0,19,0,0,0,19,0,19
Westchester,Irvington Vg PD,2007,22,0,22,2,2,4,24,2,26
Westchester,Irvington Vg PD,2008,21,0,21,1,3,4,22,3,25
Westchester,Irvington Vg PD,2009,21,0,21,1,3,4,22,3,25
Westchester,Irvington Vg PD,2010,22,0,22,1,3,4,23,3,26
Westchester,Irvington Vg PD,2011,22,0,22,1,3,4,23,3,26
Westchester,Irvington Vg PD,2012,22,0,22,1,3,4,23,3,26
Westchester,Irvington Vg PD,2013,22,0,22,1,3,4,23,3,26
Westchester,Irvington Vg PD,2014,22,0,22,1,4,5,23,4,27
Westchester,Irvington Vg PD,2015,22,0,22,0,5,5,22,5,27
Westchester,Irvington Vg PD,2016,22,0,22,1,4,5,23,4,27
Westchester,Irvington Vg PD,2017,22,0,22,1,4,5,23,4,27
Westchester,Irvington Vg PD,2018,22,0,22,0,4,4,22,4,26
Westchester,Irvington Vg PD,2019,22,0,22,0,4,4,22,4,26
Westchester,Irvington Vg PD,2020,23,0,23,0,0,0,23,0,23
Westchester,Irvington Vg PD,2021,23,0,23,2,3,5,25,3,28
Westchester,Irvington Vg PD,2022,23,0,23,2,3,5,25,3,28
Westchester,Irvington Vg PD,2023,23,0,23,2,3,5,25,3,28
Westchester,Larchmont Vg PD,2007,27,0,27,5,8,13,32,8,40
Westchester,Larchmont Vg PD,2008,27,0,27,1,0,1,28,0,28
Westchester,Larchmont Vg PD,2009,25,0,25,3,6,9,28,6,34
Westchester,Larchmont Vg PD,2010,25,0,25,3,7,10,28,7,35
Westchester,Larchmont Vg PD,2011,24,0,24,3,8,11,27,8,35
Westchester,Larchmont Vg PD,2013,25,0,25,3,8,11,28,8,36
Westchester,Larchmont Vg PD,2014,25,0,25,3,7,10,28,7,35
Westchester,Larchmont Vg PD,2015,24,0,24,3,8,11,27,8,35
Westchester,Larchmont Vg PD,2016,25,0,25,3,10,13,28,10,38
Westchester,Larchmont Vg PD,2017,26,0,26,3,8,11,29,8,37
Westchester,Larchmont Vg PD,2018,22,0,22,3,8,11,25,8,33
Westchester,Larchmont Vg PD,2019,24,0,24,2,10,12,26,10,36
Westchester,Larchmont Vg PD,2020,23,0,23,2,9,11,25,9,34
Westchester,Larchmont Vg PD,2021,21,0,21,1,0,1,22,0,22
Westchester,Larchmont Vg PD,2022,23,0,23,1,0,1,24,0,24
Westchester,Larchmont Vg PD,2023,24,0,24,0,0,0,24,0,24
Westchester,Lewisboro Town PD,2007,2,20,22,0,0,0,2,20,22
Westchester,Lewisboro Town PD,2008,2,18,20,0,0,0,2,18,20
Westchester,Lewisboro Town PD,2009,1,18,19,0,0,0,1,18,19
Westchester,Lewisboro Town PD,2010,1,18,19,0,0,0,1,18,19
Westchester,Lewisboro Town PD,2011,1,18,19,0,0,0,1,18,19
Westchester,Lewisboro Town PD,2012,3,13,16,0,0,0,3,13,16
Westchester,Lewisboro Town PD,2013,3,8,11,0,0,0,3,8,11
Westchester,Lewisboro Town PD,2014,4,6,10,0,0,0,4,6,10
Westchester,Lewisboro Town PD,2015,4,6,10,0,0,0,4,6,10
Westchester,Lewisboro Town PD,2016,3,8,11,0,0,0,3,8,11
Westchester,Lewisboro Town PD,2017,3,9,12,0,0,0,3,9,12
Westchester,Lewisboro Town PD,2018,3,11,14,0,0,0,3,11,14
Westchester,Lewisboro Town PD,2019,3,10,13,0,0,0,3,10,13
Westchester,Lewisboro Town PD,2020,3,9,12,0,0,0,3,9,12
Westchester,Lewisboro Town PD,2021,3,11,14,0,0,0,3,11,14
Westchester,Lewisboro Town PD,2022,2,15,17,0,0,0,2,15,17
Westchester,Lewisboro Town PD,2023,3,15,18,0,0,0,3,15,18
Westchester,Mamaroneck Town PD,2007,40,0,40,1,0,1,41,0,41
Westchester,Mamaroneck Town PD,2008,40,0,40,1,0,1,41,0,41
Westchester,Mamaroneck Town PD,2009,40,0,40,1,0,1,41,0,41
Westchester,Mamaroneck Town PD,2010,39,0,39,1,0,1,40,0,40
Westchester,Mamaroneck Town PD,2011,39,0,39,1,0,1,40,0,40
Westchester,Mamaroneck Town PD,2012,37,0,37,1,0,1,38,0,38
Westchester,Mamaroneck Town PD,2013,37,0,37,1,0,1,38,0,38
Westchester,Mamaroneck Town PD,2014,38,0,38,1,0,1,39,0,39
Westchester,Mamaroneck Town PD,2015,38,0,38,1,0,1,39,0,39
Westchester,Mamaroneck Town PD,2016,38,0,38,1,0,1,39,0,39
Westchester,Mamaroneck Town PD,2017,34,0,34,0,1,1,34,1,35
Westchester,Mamaroneck Town PD,2018,34,0,34,0,1,1,34,1,35
Westchester,Mamaroneck Town PD,2019,36,0,36,1,0,1,37,0,37
Westchester,Mamaroneck Town PD,2020,36,0,36,1,14,15,37,14,51
Westchester,Mamaroneck Town PD,2021,37,0,37,1,14,15,38,14,52
Westchester,Mamaroneck Town PD,2022,38,0,38,1,2,3,39,2,41
Westchester,Mamaroneck Town PD,2023,38,11,49,1,0,1,39,11,50
Westchester,Mamaroneck Vg PD,2007,52,7,59,6,30,36,58,37,95
Westchester,Mamaroneck Vg PD,2008,52,7,59,6,30,36,58,37,95
Westchester,Mamaroneck Vg PD,2009,51,7,58,6,29,35,57,36,93
Westchester,Mamaroneck Vg PD,2010,51,7,58,8,30,38,59,37,96
Westchester,Mamaroneck Vg PD,2011,50,8,58,7,28,35,57,36,93
Westchester,Mamaroneck Vg PD,2012,49,7,56,6,27,33,55,34,89
Westchester,Mamaroneck Vg PD,2013,49,7,56,5,28,33,54,35,89
Westchester,Mamaroneck Vg PD,2014,51,7,58,6,27,33,57,34,91
Westchester,Mamaroneck Vg PD,2015,51,7,58,6,26,32,57,33,90
Westchester,Mamaroneck Vg PD,2016,50,7,57,6,28,34,56,35,91
Westchester,Mamaroneck Vg PD,2017,51,8,59,3,32,35,54,40,94
Westchester,Mamaroneck Vg PD,2018,50,10,60,7,31,38,57,41,98
Westchester,Mamaroneck Vg PD,2019,50,9,59,7,28,35,57,37,94
Westchester,Mamaroneck Vg PD,2020,50,9,59,8,30,38,58,39,97
Westchester,Mamaroneck Vg PD,2021,50,10,60,8,25,33,58,35,93
Westchester,Mamaroneck Vg PD,2022,49,10,59,7,24,31,56,34,90
Westchester,Mamaroneck Vg PD,2023,47,10,57,8,25,33,55,35,90
Westchester,Mount Pleasant Town PD,2007,47,0,47,9,10,19,56,10,66
Westchester,Mount Pleasant Town PD,2008,45,0,45,9,11,20,54,11,65
Westchester,Mount Pleasant Town PD,2009,45,0,45,9,11,20,54,11,65
Westchester,Mount Pleasant Town PD,2010,44,0,44,9,11,20,53,11,64
Westchester,Mount Pleasant Town PD,2011,42,0,42,9,12,21,51,12,63
Westchester,Mount Pleasant Town PD,2012,42,0,42,9,13,22,51,13,64
Westchester,Mount Pleasant Town PD,2013,39,0,39,7,4,11,46,4,50
Westchester,Mount Pleasant Town PD,2014,40,0,40,8,0,8,48,0,48
Westchester,Mount Pleasant Town PD,2015,41,0,41,6,10,16,47,10,57
Westchester,Mount Pleasant Town PD,2016,41,0,41,6,4,10,47,4,51
Westchester,Mount Pleasant Town PD,2018,42,0,42,8,0,8,50,0,50
Westchester,Mount Pleasant Town PD,2019,45,0,45,6,11,17,51,11,62
Westchester,Mount Pleasant Town PD,2020,47,0,47,8,14,22,55,14,69
Westchester,Mount Pleasant Town PD,2021,48,0,48,6,15,21,54,15,69
Westchester,Mount Pleasant Town PD,2022,49,0,49,7,17,24,56,17,73
Westchester,Mount Pleasant Town PD,2023,52,0,52,7,15,22,59,15,74
Westchester,Mount Vernon City PD,2007,201,0,201,29,38,67,230,38,268
Westchester,Mount Vernon City PD,2008,203,0,203,28,42,70,231,42,273
Westchester,Mount Vernon City PD,2009,199,0,199,32,44,76,231,44,275
Westchester,Mount Vernon City PD,2010,194,0,194,30,40,70,224,40,264
Westchester,Mount Vernon City PD,2011,198,0,198,31,34,65,229,34,263
Westchester,Mount Vernon City PD,2012,207,0,207,33,34,67,240,34,274
Westchester,Mount Vernon City PD,2013,206,0,206,21,3,24,227,3,230
Westchester,Mount Vernon City PD,2014,185,0,185,27,0,27,212,0,212
Westchester,Mount Vernon City PD,2015,195,0,195,75,0,75,270,0,270
Westchester,Mount Vernon City PD,2016,192,0,192,69,0,69,261,0,261
Westchester,Mount Vernon City PD,2017,191,0,191,62,12,74,253,12,265
Westchester,Mount Vernon City PD,2018,207,0,207,62,4,66,269,4,273
Westchester,Mount Vernon City PD,2019,208,0,208,62,4,66,270,4,274
Westchester,Mount Vernon City PD,2020,164,0,164,61,3,64,225,3,228
Westchester,Mount Vernon City PD,2021,151,0,151,61,3,64,212,3,215
Westchester,Mount Vernon City PD,2022,189,0,189,47,0,47,236,0,236
Westchester,Mount Vernon City PD,2023,181,0,181,51,0,51,232,0,232
Westchester,New Castle Town PD,2007,42,0,42,4,5,9,46,5,51
Westchester,New Castle Town PD,2008,42,0,42,4,5,9,46,5,51
Westchester,New Castle Town PD,2009,41,0,41,4,4,8,45,4,49
Westchester,New Castle Town PD,2010,37,0,37,4,11,15,41,11,52
Westchester,New Castle Town PD,2011,37,0,37,4,12,16,41,12,53
Westchester,New Castle Town PD,2012,36,0,36,2,13,15,38,13,51
Westchester,New Castle Town PD,2013,36,0,36,2,13,15,38,13,51
Westchester,New Castle Town PD,2014,36,0,36,2,14,16,38,14,52
Westchester,New Castle Town PD,2015,37,0,37,2,14,16,39,14,53
Westchester,New Castle Town PD,2016,36,0,36,2,14,16,38,14,52
Westchester,New Castle Town PD,2017,38,0,38,2,13,15,40,13,53
Westchester,New Castle Town PD,2018,37,0,37,2,14,16,39,14,53
Westchester,New Castle Town PD,2019,37,0,37,2,13,15,39,13,52
Westchester,New Castle Town PD,2020,38,0,38,3,12,15,41,12,53
Westchester,New Castle Town PD,2021,36,0,36,2,9,11,38,9,47
Westchester,New Castle Town PD,2022,37,0,37,2,9,11,39,9,48
Westchester,New Castle Town PD,2023,39,0,39,3,6,9,42,6,48
Westchester,New Rochelle City PD,2007,183,0,183,69,0,69,252,0,252
Westchester,New Rochelle City PD,2008,185,0,185,62,0,62,247,0,247
Westchester,New Rochelle City PD,2009,188,0,188,64,0,64,252,0,252
Westchester,New Rochelle City PD,2010,178,0,178,60,0,60,238,0,238
Westchester,New Rochelle City PD,2011,158,0,158,56,0,56,214,0,214
Westchester,New Rochelle City PD,2012,158,0,158,61,0,61,219,0,219
Westchester,New Rochelle City PD,2013,154,0,154,56,0,56,210,0,210
Westchester,New Rochelle City PD,2014,154,0,154,57,0,57,211,0,211
Westchester,New Rochelle City PD,2015,159,0,159,58,0,58,217,0,217
Westchester,New Rochelle City PD,2016,152,0,152,59,0,59,211,0,211
Westchester,New Rochelle City PD,2017,161,0,161,60,0,60,221,0,221
Westchester,New Rochelle City PD,2018,160,0,160,58,0,58,218,0,218
Westchester,New Rochelle City PD,2019,164,0,164,58,0,58,222,0,222
Westchester,New Rochelle City PD,2020,160,0,160,41,20,61,201,20,221
Westchester,New Rochelle City PD,2021,167,0,167,30,23,53,197,23,220
Westchester,New Rochelle City PD,2022,175,0,175,41,17,58,216,17,233
Westchester,New Rochelle City PD,2023,164,0,164,42,18,60,206,18,224
Westchester,North Castle Town PD,2007,38,0,38,3,2,5,41,2,43
Westchester,North Castle Town PD,2008,38,0,38,3,2,5,41,2,43
Westchester,North Castle Town PD,2009,36,0,36,3,2,5,39,2,41
Westchester,North Castle Town PD,2010,34,0,34,3,2,5,37,2,39
Westchester,North Castle Town PD,2013,31,0,31,3,1,4,34,1,35
Westchester,North Castle Town PD,2014,31,0,31,3,1,4,34,1,35
Westchester,North Castle Town PD,2015,32,0,32,3,1,4,35,1,36
Westchester,North Castle Town PD,2016,32,0,32,2,1,3,34,1,35
Westchester,North Castle Town PD,2017,28,0,28,2,1,3,30,1,31
Westchester,North Castle Town PD,2018,30,0,30,2,2,4,32,2,34
Westchester,North Castle Town PD,2019,32,0,32,2,1,3,34,1,35
Westchester,North Castle Town PD,2020,32,0,32,2,1,3,34,1,35
Westchester,North Castle Town PD,2021,32,0,32,2,1,3,34,1,35
Westchester,North Castle Town PD,2022,32,0,32,2,1,3,34,1,35
Westchester,North Castle Town PD,2023,30,0,30,2,0,2,32,0,32
Westchester,North Salem Town PD,2023,0,14,14,0,1,1,0,15,15
Westchester,Ossining Vg PD,2007,60,0,60,9,1,10,69,1,70
Westchester,Ossining Vg PD,2008,60,0,60,9,9,18,69,9,78
Westchester,Ossining Vg PD,2009,57,0,57,8,0,8,65,0,65
Westchester,Ossining Vg PD,2010,56,0,56,9,0,9,65,0,65
Westchester,Ossining Vg PD,2011,56,0,56,9,1,10,65,1,66
Westchester,Ossining Vg PD,2012,55,0,55,8,1,9,63,1,64
Westchester,Ossining Vg PD,2013,55,0,55,8,1,9,63,1,64
Westchester,Ossining Vg PD,2014,55,0,55,8,1,9,63,1,64
Westchester,Ossining Vg PD,2015,60,0,60,10,0,10,70,0,70
Westchester,Ossining Vg PD,2017,58,0,58,8,0,8,66,0,66
Westchester,Ossining Vg PD,2018,57,0,57,8,0,8,65,0,65
Westchester,Ossining Vg PD,2019,60,0,60,8,0,8,68,0,68
Westchester,Ossining Vg PD,2020,57,0,57,8,0,8,65,0,65
Westchester,Ossining Vg PD,2021,57,0,57,6,0,6,63,0,63
Westchester,Ossining Vg PD,2022,53,0,53,6,0,6,59,0,59
Westchester,Ossining Vg PD,2023,55,0,55,0,0,0,55,0,55
Westchester,Peekskill City PD,2007,59,0,59,15,13,28,74,13,87
Westchester,Peekskill City PD,2008,60,0,60,14,2,16,74,2,76
Westchester,Peekskill City PD,2009,62,0,62,14,2,16,76,2,78
Westchester,Peekskill City PD,2010,60,0,60,14,2,16,74,2,76
Westchester,Peekskill City PD,2011,58,0,58,13,1,14,71,1,72
Westchester,Peekskill City PD,2012,57,0,57,13,1,14,70,1,71
Westchester,Peekskill City PD,2013,54,0,54,9,0,9,63,0,63
Westchester,Peekskill City PD,2014,53,0,53,9,7,16,62,7,69
Westchester,Peekskill City PD,2015,54,0,54,9,1,10,63,1,64
Westchester,Peekskill City PD,2016,54,0,54,10,7,17,64,7,71
Westchester,Peekskill City PD,2017,54,0,54,10,6,16,64,6,70
Westchester,Peekskill City PD,2018,51,0,51,9,0,9,60,0,60
Westchester,Peekskill City PD,2019,53,0,53,9,0,9,62,0,62
Westchester,Peekskill City PD,2020,51,0,51,10,6,16,61,6,67
Westchester,Peekskill City PD,2021,49,0,49,9,8,17,58,8,66
Westchester,Peekskill City PD,2022,53,0,53,9,8,17,62,8,70
Westchester,Peekskill City PD,2023,55,0,55,8,6,14,63,6,69
Westchester,Pelham Manor Vg PD,2007,28,0,28,0,5,5,28,5,33
Westchester,Pelham Manor Vg PD,2008,28,0,28,0,5,5,28,5,33
Westchester,Pelham Manor Vg PD,2009,27,0,27,1,7,8,28,7,35
Westchester,Pelham Manor Vg PD,2010,28,0,28,1,6,7,29,6,35
Westchester,Pelham Manor Vg PD,2011,27,0,27,1,8,9,28,8,36
Westchester,Pelham Manor Vg PD,2012,27,0,27,1,7,8,28,7,35
Westchester,Pelham Manor Vg PD,2013,26,0,26,1,9,10,27,9,36
Westchester,Pelham Manor Vg PD,2014,26,0,26,1,9,10,27,9,36
Westchester,Pelham Manor Vg PD,2015,25,0,25,1,7,8,26,7,33
Westchester,Pelham Manor Vg PD,2016,21,0,21,1,8,9,22,8,30
Westchester,Pelham Manor Vg PD,2017,25,0,25,1,8,9,26,8,34
Westchester,Pelham Manor Vg PD,2018,23,0,23,1,7,8,24,7,31
Westchester,Pelham Manor Vg PD,2019,26,0,26,1,8,9,27,8,35
Westchester,Pelham Manor Vg PD,2020,23,0,23,1,8,9,24,8,32
Westchester,Pelham Manor Vg PD,2021,25,0,25,1,8,9,26,8,34
Westchester,Pelham Manor Vg PD,2022,25,0,25,0,8,8,25,8,33
Westchester,Pelham Manor Vg PD,2023,26,0,26,1,7,8,27,7,34
Westchester,Pelham Vg PD,2007,27,0,27,3,11,14,30,11,41
Westchester,Pelham Vg PD,2008,28,0,28,3,11,14,31,11,42
Westchester,Pelham Vg PD,2009,28,0,28,3,11,14,31,11,42
Westchester,Pelham Vg PD,2010,25,0,25,3,11,14,28,11,39
Westchester,Pelham Vg PD,2011,25,0,25,3,12,15,28,12,40
Westchester,Pelham Vg PD,2012,25,0,25,3,11,14,28,11,39
Westchester,Pelham Vg PD,2013,25,0,25,3,11,14,28,11,39
Westchester,Pelham Vg PD,2014,25,0,25,3,11,14,28,11,39
Westchester,Pelham Vg PD,2015,26,0,26,3,11,14,29,11,40
Westchester,Pelham Vg PD,2016,25,0,25,3,13,16,28,13,41
Westchester,Pelham Vg PD,2017,25,0,25,1,14,15,26,14,40
Westchester,Pelham Vg PD,2018,25,0,25,3,12,15,28,12,40
Westchester,Pelham Vg PD,2019,26,0,26,3,16,19,29,16,45
Westchester,Pelham Vg PD,2020,26,0,26,3,13,16,29,13,42
Westchester,Pelham Vg PD,2021,24,0,24,3,12,15,27,12,39
Westchester,Pelham Vg PD,2022,24,0,24,3,12,15,27,12,39
Westchester,Pelham Vg PD,2023,24,0,24,4,12,16,28,12,40
Westchester,Pleasantville Vg PD,2008,25,0,25,2,12,14,27,12,39
Westchester,Pleasantville Vg PD,2009,23,0,23,2,11,13,25,11,36
Westchester,Pleasantville Vg PD,2010,21,0,21,2,10,12,23,10,33
Westchester,Pleasantville Vg PD,2011,20,0,20,2,1,3,22,1,23
Westchester,Pleasantville Vg PD,2012,21,0,21,2,1,3,23,1,24
Westchester,Pleasantville Vg PD,2013,20,0,20,0,3,3,20,3,23
Westchester,Pleasantville Vg PD,2014,21,0,21,2,1,3,23,1,24
Westchester,Pleasantville Vg PD,2015,23,0,23,0,0,0,23,0,23
Westchester,Pleasantville Vg PD,2016,22,0,22,0,0,0,22,0,22
Westchester,Pleasantville Vg PD,2017,21,0,21,0,0,0,21,0,21
Westchester,Pleasantville Vg PD,2018,20,0,20,2,1,3,22,1,23
Westchester,Pleasantville Vg PD,2019,21,0,21,2,1,3,23,1,24
Westchester,Pleasantville Vg PD,2020,21,0,21,2,1,3,23,1,24
Westchester,Pleasantville Vg PD,2021,23,0,23,3,9,12,26,9,35
Westchester,Pleasantville Vg PD,2022,22,0,22,0,0,0,22,0,22
Westchester,Pleasantville Vg PD,2023,23,0,23,2,0,2,25,0,25
Westchester,Port Chester Vg PD,2007,62,0,62,3,7,10,65,7,72
Westchester,Port Chester Vg PD,2008,62,0,62,3,9,12,65,9,74
Westchester,Port Chester Vg PD,2009,62,0,62,3,7,10,65,7,72
Westchester,Port Chester Vg PD,2010,59,0,59,2,8,10,61,8,69
Westchester,Port Chester Vg PD,2011,58,0,58,2,14,16,60,14,74
Westchester,Port Chester Vg PD,2012,58,0,58,2,29,31,60,29,89
Westchester,Port Chester Vg PD,2013,58,0,58,2,26,28,60,26,86
Westchester,Port Chester Vg PD,2014,59,0,59,2,45,47,61,45,106
Westchester,Port Chester Vg PD,2015,62,0,62,0,7,7,62,7,69
Westchester,Port Chester Vg PD,2016,61,0,61,2,26,28,63,26,89
Westchester,Port Chester Vg PD,2017,60,0,60,2,25,27,62,25,87
Westchester,Port Chester Vg PD,2018,62,0,62,2,26,28,64,26,90
Westchester,Port Chester Vg PD,2019,62,0,62,2,12,14,64,12,76
Westchester,Port Chester Vg PD,2020,58,0,58,2,21,23,60,21,81
Westchester,Port Chester Vg PD,2021,58,0,58,1,20,21,59,20,79
Westchester,Port Chester Vg PD,2022,60,0,60,1,19,20,61,19,80
Westchester,Port Chester Vg PD,2023,60,0,60,1,17,18,61,17,78
Westchester,Pound Ridge Town PD,2007,2,15,17,1,0,1,3,15,18
Westchester,Pound Ridge Town PD,2009,2,16,18,1,0,1,3,16,19
Westchester,Pound Ridge Town PD,2010,2,17,19,1,1,2,3,18,21
Westchester,Pound Ridge Town PD,2013,1,19,20,1,0,1,2,19,21
Westchester,Pound Ridge Town PD,2014,2,22,24,1,0,1,3,22,25
Westchester,Pound Ridge Town PD,2015,2,22,24,1,1,2,3,23,26
Westchester,Pound Ridge Town PD,2016,1,22,23,1,1,2,2,23,25
Westchester,Pound Ridge Town PD,2017,1,22,23,1,1,2,2,23,25
Westchester,Pound Ridge Town PD,2018,1,23,24,1,1,2,2,24,26
Westchester,Pound Ridge Town PD,2019,1,22,23,1,1,2,2,23,25
Westchester,Pound Ridge Town PD,2020,1,23,24,1,2,3,2,25,27
Westchester,Pound Ridge Town PD,2021,1,21,22,1,1,2,2,22,24
Westchester,Pound Ridge Town PD,2022,1,22,23,1,3,4,2,25,27
Westchester,Pound Ridge Town PD,2023,0,23,23,1,2,3,1,25,26
Westchester,Rye Brook Vg PD,2007,28,0,28,1,0,1,29,0,29
Westchester,Rye Brook Vg PD,2008,28,0,28,1,0,1,29,0,29
Westchester,Rye Brook Vg PD,2009,27,0,27,1,0,1,28,0,28
Westchester,Rye Brook Vg PD,2010,27,0,27,1,0,1,28,0,28
Westchester,Rye Brook Vg PD,2011,27,0,27,1,0,1,28,0,28
Westchester,Rye Brook Vg PD,2012,27,0,27,1,0,1,28,0,28
Westchester,Rye Brook Vg PD,2013,27,0,27,1,0,1,28,0,28
Westchester,Rye Brook Vg PD,2014,25,0,25,1,0,1,26,0,26
Westchester,Rye Brook Vg PD,2015,26,0,26,1,0,1,27,0,27
Westchester,Rye Brook Vg PD,2016,26,0,26,1,0,1,27,0,27
Westchester,Rye Brook Vg PD,2017,26,0,26,1,0,1,27,0,27
Westchester,Rye Brook Vg PD,2018,26,0,26,1,0,1,27,0,27
Westchester,Rye Brook Vg PD,2019,25,0,25,1,0,1,26,0,26
Westchester,Rye Brook Vg PD,2020,27,0,27,1,0,1,28,0,28
Westchester,Rye Brook Vg PD,2021,26,0,26,1,9,10,27,9,36
Westchester,Rye Brook Vg PD,2022,24,0,24,1,8,9,25,8,33
Westchester,Rye Brook Vg PD,2023,24,0,24,1,8,9,25,8,33
Westchester,Rye City PD,2007,39,0,39,5,7,12,44,7,51
Westchester,Rye City PD,2008,39,0,39,5,7,12,44,7,51
Westchester,Rye City PD,2009,38,0,38,5,7,12,43,7,50
Westchester,Rye City PD,2010,34,0,34,5,8,13,39,8,47
Westchester,Rye City PD,2011,35,0,35,5,8,13,40,8,48
Westchester,Rye City PD,2012,34,0,34,5,9,14,39,9,48
Westchester,Rye City PD,2013,35,0,35,5,0,5,40,0,40
Westchester,Rye City PD,2014,36,0,36,5,0,5,41,0,41
Westchester,Rye City PD,2015,37,0,37,5,0,5,42,0,42
Westchester,Rye City PD,2016,36,0,36,5,0,5,41,0,41
Westchester,Rye City PD,2017,35,0,35,5,0,5,40,0,40
Westchester,Rye City PD,2018,33,0,33,4,0,4,37,0,37
Westchester,Rye City PD,2019,36,0,36,4,0,4,40,0,40
Westchester,Rye City PD,2020,37,0,37,4,0,4,41,0,41
Westchester,Rye City PD,2021,34,0,34,5,0,5,39,0,39
Westchester,Rye City PD,2022,37,0,37,5,0,5,42,0,42
Westchester,Rye City PD,2023,35,0,35,5,0,5,40,0,40
Westchester,Scarsdale Vg PD,2007,45,0,45,6,20,26,51,20,71
Westchester,Scarsdale Vg PD,2008,45,0,45,4,20,24,49,20,69
Westchester,Scarsdale Vg PD,2009,45,0,45,5,20,25,50,20,70
Westchester,Scarsdale Vg PD,2010,45,0,45,6,20,26,51,20,71
Westchester,Scarsdale Vg PD,2011,42,0,42,6,20,26,48,20,68
Westchester,Scarsdale Vg PD,2012,40,0,40,5,19,24,45,19,64
Westchester,Scarsdale Vg PD,2013,42,0,42,5,20,25,47,20,67
Westchester,Scarsdale Vg PD,2014,44,0,44,5,19,24,49,19,68
Westchester,Scarsdale Vg PD,2015,45,0,45,5,20,25,50,20,70
Westchester,Scarsdale Vg PD,2016,44,0,44,5,21,26,49,21,70
Westchester,Scarsdale Vg PD,2017,41,0,41,5,21,26,46,21,67
Westchester,Scarsdale Vg PD,2018,44,0,44,4,22,26,48,22,70
Westchester,Scarsdale Vg PD,2019,41,0,41,5,20,25,46,20,66
Westchester,Scarsdale Vg PD,2020,39,0,39,5,18,23,44,18,62
Westchester,Scarsdale Vg PD,2021,40,0,40,6,17,23,46,17,63
Westchester,Scarsdale Vg PD,2022,43,0,43,5,15,20,48,15,63
Westchester,Scarsdale Vg PD,2023,41,0,41,5,17,22,46,17,63
Westchester,Sleepy Hollow Vg PD,2007,26,0,26,0,7,7,26,7,33
Westchester,Sleepy Hollow Vg PD,2008,24,0,24,0,7,7,24,7,31
Westchester,Sleepy Hollow Vg PD,2009,24,0,24,0,7,7,24,7,31
Westchester,Sleepy Hollow Vg PD,2010,27,0,27,0,7,7,27,7,34
Westchester,Sleepy Hollow Vg PD,2011,25,0,25,0,11,11,25,11,36
Westchester,Sleepy Hollow Vg PD,2012,24,0,24,0,10,10,24,10,34
Westchester,Sleepy Hollow Vg PD,2013,24,0,24,0,10,10,24,10,34
Westchester,Sleepy Hollow Vg PD,2014,24,0,24,0,9,9,24,9,33
Westchester,Sleepy Hollow Vg PD,2015,27,0,27,0,10,10,27,10,37
Westchester,Sleepy Hollow Vg PD,2016,26,0,26,0,0,0,26,0,26
Westchester,Sleepy Hollow Vg PD,2017,26,0,26,0,0,0,26,0,26
Westchester,Sleepy Hollow Vg PD,2019,29,0,29,0,9,9,29,9,38
Westchester,Sleepy Hollow Vg PD,2020,27,0,27,0,9,9,27,9,36
Westchester,Sleepy Hollow Vg PD,2021,24,7,31,0,0,0,24,7,31
Westchester,Sleepy Hollow Vg PD,2022,30,0,30,0,8,8,30,8,38
Westchester,SUNY Police - Purchase,2008,25,0,25,5,0,5,30,0,30
Westchester,SUNY Police - Purchase,2009,24,0,24,4,0,4,28,0,28
Westchester,SUNY Police - Purchase,2010,23,0,23,4,0,4,27,0,27
Westchester,SUNY Police - Purchase,2011,25,0,25,4,0,4,29,0,29
Westchester,SUNY Police - Purchase,2012,23,0,23,6,0,6,29,0,29
Westchester,SUNY Police - Purchase,2013,26,0,26,5,0,5,31,0,31
Westchester,SUNY Police - Purchase,2014,25,0,25,5,0,5,30,0,30
Westchester,SUNY Police - Purchase,2015,22,0,22,4,0,4,26,0,26
Westchester,SUNY Police - Purchase,2016,22,0,22,4,0,4,26,0,26
Westchester,SUNY Police - Purchase,2017,25,0,25,7,4,11,32,4,36
Westchester,SUNY Police - Purchase,2018,23,0,23,8,0,8,31,0,31
Westchester,SUNY Police - Purchase,2019,24,0,24,9,2,11,33,2,35
Westchester,SUNY Police - Purchase,2020,22,0,22,9,0,9,31,0,31
Westchester,SUNY Police - Purchase,2021,23,0,23,8,0,8,31,0,31
Westchester,SUNY Police - Purchase,2022,24,0,24,8,0,8,32,0,32
Westchester,SUNY Police - Purchase,2023,21,0,21,7,0,7,28,0,28
Westchester,Tarrytown Vg PD,2007,34,0,34,7,1,8,41,1,42
Westchester,Tarrytown Vg PD,2008,33,0,33,7,1,8,40,1,41
Westchester,Tarrytown Vg PD,2009,33,0,33,7,1,8,40,1,41
Westchester,Tarrytown Vg PD,2010,33,0,33,6,1,7,39,1,40
Westchester,Tarrytown Vg PD,2011,33,0,33,5,1,6,38,1,39
Westchester,Tarrytown Vg PD,2012,32,0,32,4,2,6,36,2,38
Westchester,Tarrytown Vg PD,2013,33,0,33,4,2,6,37,2,39
Westchester,Tarrytown Vg PD,2014,33,0,33,3,3,6,36,3,39
Westchester,Tarrytown Vg PD,2015,33,0,33,3,4,7,36,4,40
Westchester,Tarrytown Vg PD,2016,33,0,33,3,3,6,36,3,39
Westchester,Tarrytown Vg PD,2017,32,0,32,3,3,6,35,3,38
Westchester,Tarrytown Vg PD,2018,33,0,33,3,2,5,36,2,38
Westchester,Tarrytown Vg PD,2019,32,0,32,3,2,5,35,2,37
Westchester,Tarrytown Vg PD,2020,33,0,33,4,1,5,37,1,38
Westchester,Tarrytown Vg PD,2022,33,0,33,4,2,6,37,2,39
Westchester,Tarrytown Vg PD,2023,34,0,34,4,1,5,38,1,39
Westchester,Tuckahoe Vg PD,2007,26,0,26,3,3,6,29,3,32
Westchester,Tuckahoe Vg PD,2008,26,0,26,3,4,7,29,4,33
Westchester,Tuckahoe Vg PD,2009,25,0,25,3,4,7,28,4,32
Westchester,Tuckahoe Vg PD,2010,25,0,25,3,4,7,28,4,32
Westchester,Tuckahoe Vg PD,2011,24,0,24,3,5,8,27,5,32
Westchester,Tuckahoe Vg PD,2012,25,0,25,3,3,6,28,3,31
Westchester,Tuckahoe Vg PD,2013,23,0,23,3,4,7,26,4,30
Westchester,Tuckahoe Vg PD,2014,23,0,23,3,5,8,26,5,31
Westchester,Tuckahoe Vg PD,2015,22,0,22,3,4,7,25,4,29
Westchester,Tuckahoe Vg PD,2016,23,0,23,3,4,7,26,4,30
Westchester,Tuckahoe Vg PD,2017,22,0,22,3,4,7,25,4,29
Westchester,Tuckahoe Vg PD,2018,23,0,23,3,4,7,26,4,30
Westchester,Tuckahoe Vg PD,2019,23,0,23,3,5,8,26,5,31
Westchester,Tuckahoe Vg PD,2020,23,0,23,3,5,8,26,5,31
Westchester,Tuckahoe Vg PD,2021,21,0,21,3,2,5,24,2,26
Westchester,Tuckahoe Vg PD,2022,23,0,23,3,3,6,26,3,29
Westchester,Tuckahoe Vg PD,2023,22,0,22,4,5,9,26,5,31
Westchester,Westchester Co Dept Pub Safety,2007,264,0,264,71,2,73,335,2,337
Westchester,Westchester Co Dept Pub Safety,2008,267,0,267,73,0,73,340,0,340
Westchester,Westchester Co Dept Pub Safety,2009,264,0,264,75,0,75,339,0,339
Westchester,Westchester Co Dept Pub Safety,2010,257,0,257,73,0,73,330,0,330
Westchester,Westchester Co Dept Pub Safety,2011,264,0,264,73,0,73,337,0,337
Westchester,Westchester Co Dept Pub Safety,2012,262,0,262,72,0,72,334,0,334
Westchester,Westchester Co Dept Pub Safety,2013,266,0,266,71,0,71,337,0,337
Westchester,Westchester Co Dept Pub Safety,2014,267,0,267,65,3,68,332,3,335
Westchester,Westchester Co Dept Pub Safety,2015,291,0,291,69,3,72,360,3,363
Westchester,Westchester Co Dept Pub Safety,2016,283,0,283,71,0,71,354,0,354
Westchester,Westchester Co Dept Pub Safety,2017,280,0,280,68,0,68,348,0,348
Westchester,Westchester Co Dept Pub Safety,2018,296,0,296,74,0,74,370,0,370
Westchester,Westchester Co Dept Pub Safety,2019,293,0,293,68,0,68,361,0,361
Westchester,Westchester Co Dept Pub Safety,2020,285,0,285,67,4,71,352,4,356
Westchester,Westchester Co Dept Pub Safety,2021,287,0,287,70,2,72,357,2,359
Westchester,Westchester Co Dept Pub Safety,2022,278,0,278,70,10,80,348,10,358
Westchester,Westchester Co Dept Pub Safety,2023,287,0,287,76,30,106,363,30,393
Westchester,White Plains City PD,2007,218,0,218,15,23,38,233,23,256
Westchester,White Plains City PD,2008,218,0,218,17,24,41,235,24,259
Westchester,White Plains City PD,2009,215,0,215,14,24,38,229,24,253
Westchester,White Plains City PD,2010,195,0,195,12,21,33,207,21,228
Westchester,White Plains City PD,2011,194,0,194,11,21,32,205,21,226
Westchester,White Plains City PD,2012,192,0,192,11,20,31,203,20,223
Westchester,White Plains City PD,2013,190,0,190,10,20,30,200,20,220
Westchester,White Plains City PD,2014,194,0,194,11,20,31,205,20,225
Westchester,White Plains City PD,2015,191,0,191,11,19,30,202,19,221
Westchester,White Plains City PD,2016,191,0,191,10,19,29,201,19,220
Westchester,White Plains City PD,2017,191,0,191,10,19,29,201,19,220
Westchester,White Plains City PD,2018,190,0,190,8,19,27,198,19,217
Westchester,White Plains City PD,2019,181,0,181,9,20,29,190,20,210
Westchester,White Plains City PD,2020,201,0,201,10,20,30,211,20,231
Westchester,White Plains City PD,2021,187,0,187,11,20,31,198,20,218
Westchester,White Plains City PD,2022,195,0,195,11,20,31,206,20,226
Westchester,White Plains City PD,2023,196,0,196,12,22,34,208,22,230
Westchester,Yonkers City PD,2007,645,0,645,77,45,122,722,45,767
Westchester,Yonkers City PD,2008,649,0,649,77,45,122,726,45,771
Westchester,Yonkers City PD,2009,615,0,615,80,47,127,695,47,742
Westchester,Yonkers City PD,2010,589,0,589,70,3,73,659,3,662
Westchester,Yonkers City PD,2011,619,0,619,75,0,75,694,0,694
Westchester,Yonkers City PD,2012,608,0,608,69,22,91,677,22,699
Westchester,Yonkers City PD,2013,616,3,619,78,30,108,694,33,727
Westchester,Yonkers City PD,2014,611,0,611,82,33,115,693,33,726
Westchester,Yonkers City PD,2015,620,0,620,82,32,114,702,32,734
Westchester,Yonkers City PD,2016,613,0,613,83,32,115,696,32,728
Westchester,Yonkers City PD,2017,607,0,607,82,38,120,689,38,727
Westchester,Yonkers City PD,2018,587,0,587,82,37,119,669,37,706
Westchester,Yonkers City PD,2019,598,0,598,83,35,118,681,35,716
Westchester,Yonkers City PD,2020,607,0,607,81,31,112,688,31,719
Westchester,Yonkers City PD,2022,620,0,620,83,37,120,703,37,740
Westchester,Yonkers City PD,2023,622,0,622,86,38,124,708,38,746
Westchester,Yorktown Town PD,2007,56,0,56,9,2,11,65,2,67
Westchester,Yorktown Town PD,2008,57,0,57,8,0,8,65,0,65
Westchester,Yorktown Town PD,2009,58,0,58,9,0,9,67,0,67
Westchester,Yorktown Town PD,2010,58,0,58,9,0,9,67,0,67
Westchester,Yorktown Town PD,2011,54,0,54,9,0,9,63,0,63
Westchester,Yorktown Town PD,2012,55,0,55,9,0,9,64,0,64
Westchester,Yorktown Town PD,2013,55,0,55,8,0,8,63,0,63
Westchester,Yorktown Town PD,2014,56,0,56,8,0,8,64,0,64
Westchester,Yorktown Town PD,2015,54,0,54,9,0,9,63,0,63
Westchester,Yorktown Town PD,2016,54,0,54,9,0,9,63,0,63
Westchester,Yorktown Town PD,2017,56,0,56,9,0,9,65,0,65
Westchester,Yorktown Town PD,2018,56,0,56,9,0,9,65,0,65
Westchester,Yorktown Town PD,2019,59,0,59,9,0,9,68,0,68
Westchester,Yorktown Town PD,2020,58,0,58,9,0,9,67,0,67
Westchester,Yorktown Town PD,2021,54,0,54,9,0,9,63,0,63
Westchester,Yorktown Town PD,2022,58,0,58,9,0,9,67,0,67
Westchester,Yorktown Town PD,2023,58,0,58,9,0,9,67,0,67
Wyoming,Arcade Vg PD,2007,6,5,11,0,6,6,6,11,17
Wyoming,Arcade Vg PD,2008,6,5,11,0,5,5,6,10,16
Wyoming,Arcade Vg PD,2009,6,5,11,0,6,6,6,11,17
Wyoming,Arcade Vg PD,2010,6,5,11,0,6,6,6,11,17
Wyoming,Arcade Vg PD,2011,6,5,11,0,6,6,6,11,17
Wyoming,Arcade Vg PD,2012,6,4,10,0,2,2,6,6,12
Wyoming,Arcade Vg PD,2013,6,5,11,0,1,1,6,6,12
Wyoming,Arcade Vg PD,2014,6,5,11,0,1,1,6,6,12
Wyoming,Arcade Vg PD,2015,6,5,11,0,5,5,6,10,16
Wyoming,Arcade Vg PD,2016,5,5,10,0,5,5,5,10,15
Wyoming,Arcade Vg PD,2017,5,5,10,0,1,1,5,6,11
Wyoming,Arcade Vg PD,2018,6,4,10,0,5,5,6,9,15
Wyoming,Arcade Vg PD,2019,5,5,10,0,5,5,5,10,15
Wyoming,Arcade Vg PD,2021,6,4,10,0,5,5,6,9,15
Wyoming,Arcade Vg PD,2022,6,6,12,0,5,5,6,11,17
Wyoming,Arcade Vg PD,2023,7,3,10,0,5,5,7,8,15
Wyoming,Attica Vg PD,2007,4,6,10,0,1,1,4,7,11
Wyoming,Attica Vg PD,2008,5,5,10,0,1,1,5,6,11
Wyoming,Attica Vg PD,2009,5,6,11,0,1,1,5,7,12
Wyoming,Attica Vg PD,2010,5,6,11,0,1,1,5,7,12
Wyoming,Attica Vg PD,2011,5,6,11,0,1,1,5,7,12
Wyoming,Attica Vg PD,2012,5,6,11,0,1,1,5,7,12
Wyoming,Attica Vg PD,2013,5,5,10,0,2,2,5,7,12
Wyoming,Attica Vg PD,2014,2,9,11,0,1,1,2,10,12
Wyoming,Attica Vg PD,2015,3,9,12,0,1,1,3,10,13
Wyoming,Attica Vg PD,2016,3,9,12,0,5,5,3,14,17
Wyoming,Attica Vg PD,2017,3,9,12,0,5,5,3,14,17
Wyoming,Attica Vg PD,2018,2,10,12,0,5,5,2,15,17
Wyoming,Attica Vg PD,2019,4,6,10,0,5,5,4,11,15
Wyoming,Attica Vg PD,2020,5,5,10,0,4,4,5,9,14
Wyoming,Attica Vg PD,2021,5,7,12,0,3,3,5,10,15
Wyoming,Attica Vg PD,2022,5,5,10,0,3,3,5,8,13
Wyoming,Attica Vg PD,2023,4,7,11,0,3,3,4,10,14
Wyoming,Perry Vg PD,2007,4,8,12,1,1,2,5,9,14
Wyoming,Perry Vg PD,2008,5,9,14,0,1,1,5,10,15
Wyoming,Perry Vg PD,2009,4,10,14,0,1,1,4,11,15
Wyoming,Perry Vg PD,2010,3,10,13,0,0,0,3,10,13
Wyoming,Perry Vg PD,2011,3,12,15,0,0,0,3,12,15
Wyoming,Perry Vg PD,2012,4,11,15,0,1,1,4,12,16
Wyoming,Perry Vg PD,2013,4,9,13,0,1,1,4,10,14
Wyoming,Perry Vg PD,2014,4,8,12,0,1,1,4,9,13
Wyoming,Perry Vg PD,2015,4,9,13,0,1,1,4,10,14
Wyoming,Perry Vg PD,2016,3,8,11,0,3,3,3,11,14
Wyoming,Perry Vg PD,2017,4,6,10,0,0,0,4,6,10
Wyoming,Perry Vg PD,2018,4,7,11,0,0,0,4,7,11
Wyoming,Perry Vg PD,2019,4,8,12,0,0,0,4,8,12
Wyoming,Perry Vg PD,2020,3,10,13,0,0,0,3,10,13
Wyoming,Perry Vg PD,2021,5,6,11,0,0,0,5,6,11
Wyoming,Perry Vg PD,2022,6,5,11,0,0,0,6,5,11
Wyoming,Perry Vg PD,2023,5,6,11,0,3,3,5,9,14
Wyoming,Warsaw Vg PD,2008,6,5,11,0,6,6,6,11,17
Wyoming,Warsaw Vg PD,2009,5,7,12,0,6,6,5,13,18
Wyoming,Warsaw Vg PD,2010,6,6,12,0,6,6,6,12,18
Wyoming,Warsaw Vg PD,2011,5,7,12,0,6,6,5,13,18
Wyoming,Warsaw Vg PD,2012,5,5,10,0,6,6,5,11,16
Wyoming,Warsaw Vg PD,2013,5,7,12,0,6,6,5,13,18
Wyoming,Warsaw Vg PD,2014,5,7,12,0,1,1,5,8,13
Wyoming,Warsaw Vg PD,2015,5,7,12,0,1,1,5,8,13
Wyoming,Warsaw Vg PD,2016,5,6,11,0,1,1,5,7,12
Wyoming,Warsaw Vg PD,2017,5,7,12,0,0,0,5,7,12
Wyoming,Warsaw Vg PD,2018,5,8,13,0,1,1,5,9,14
Wyoming,Warsaw Vg PD,2019,5,8,13,0,1,1,5,9,14
Wyoming,Warsaw Vg PD,2020,5,8,13,0,1,1,5,9,14
Wyoming,Warsaw Vg PD,2021,5,9,14,0,0,0,5,9,14
Wyoming,Warsaw Vg PD,2022,5,9,14,0,0,0,5,9,14
Wyoming,Warsaw Vg PD,2023,5,9,14,0,0,0,5,9,14
Wyoming,Wyoming County Sheriff,2007,30,10,40,11,5,16,41,15,56
Wyoming,Wyoming County Sheriff,2008,30,10,40,10,6,16,40,16,56
Wyoming,Wyoming County Sheriff,2009,30,11,41,12,7,19,42,18,60
Wyoming,Wyoming County Sheriff,2010,30,13,43,11,6,17,41,19,60
Wyoming,Wyoming County Sheriff,2011,29,9,38,8,6,14,37,15,52
Wyoming,Wyoming County Sheriff,2012,30,10,40,9,6,15,39,16,55
Wyoming,Wyoming County Sheriff,2013,28,7,35,10,7,17,38,14,52
Wyoming,Wyoming County Sheriff,2014,29,7,36,10,5,15,39,12,51
Wyoming,Wyoming County Sheriff,2015,30,7,37,2,0,2,32,7,39
Wyoming,Wyoming County Sheriff,2016,30,5,35,1,0,1,31,5,36
Wyoming,Wyoming County Sheriff,2017,31,5,36,12,5,17,43,10,53
Wyoming,Wyoming County Sheriff,2018,32,5,37,11,5,16,43,10,53
Wyoming,Wyoming County Sheriff,2019,31,7,38,0,0,0,31,7,38
Wyoming,Wyoming County Sheriff,2020,32,6,38,1,0,1,33,6,39
Wyoming,Wyoming County Sheriff,2022,31,6,37,13,6,19,44,12,56
Wyoming,Wyoming County Sheriff,2023,32,6,38,17,27,44,49,33,82
Yates,Penn Yan Vg PD,2007,11,3,14,1,0,1,12,3,15
Yates,Penn Yan Vg PD,2008,12,3,15,1,0,1,13,3,16
Yates,Penn Yan Vg PD,2009,10,5,15,1,0,1,11,5,16
Yates,Penn Yan Vg PD,2010,12,4,16,1,0,1,13,4,17
Yates,Penn Yan Vg PD,2011,11,5,16,1,0,1,12,5,17
Yates,Penn Yan Vg PD,2012,12,2,14,1,0,1,13,2,15
Yates,Penn Yan Vg PD,2013,12,3,15,1,0,1,13,3,16
Yates,Penn Yan Vg PD,2014,11,6,17,1,0,1,12,6,18
Yates,Penn Yan Vg PD,2015,12,5,17,1,0,1,13,5,18
Yates,Penn Yan Vg PD,2016,12,5,17,1,0,1,13,5,18
Yates,Penn Yan Vg PD,2017,11,5,16,1,0,1,12,5,17
Yates,Penn Yan Vg PD,2018,13,5,18,1,0,1,14,5,19
Yates,Penn Yan Vg PD,2019,12,6,18,1,0,1,13,6,19
Yates,Penn Yan Vg PD,2020,12,6,18,1,0,1,13,6,19
Yates,Penn Yan Vg PD,2021,13,6,19,1,0,1,14,6,20
Yates,Penn Yan Vg PD,2022,13,6,19,1,0,1,14,6,20
Yates,Penn Yan Vg PD,2023,13,4,17,1,0,1,14,4,18
Yates,Yates County Sheriff,2007,33,14,47,11,2,13,44,16,60
Yates,Yates County Sheriff,2008,26,13,39,22,3,25,48,16,64
Yates,Yates County Sheriff,2009,27,13,40,17,0,17,44,13,57
Yates,Yates County Sheriff,2010,26,10,36,19,1,20,45,11,56
Yates,Yates County Sheriff,2011,26,8,34,14,1,15,40,9,49
Yates,Yates County Sheriff,2012,25,11,36,14,1,15,39,12,51
Yates,Yates County Sheriff,2013,25,3,28,22,8,30,47,11,58
Yates,Yates County Sheriff,2014,24,3,27,21,5,26,45,8,53
Yates,Yates County Sheriff,2015,23,5,28,21,5,26,44,10,54
Yates,Yates County Sheriff,2016,22,11,33,16,2,18,38,13,51
Yates,Yates County Sheriff,2017,22,11,33,4,1,5,26,12,38
Yates,Yates County Sheriff,2018,23,7,30,3,1,4,26,8,34
Yates,Yates County Sheriff,2019,26,2,28,4,1,5,30,3,33
Yates,Yates County Sheriff,2020,26,8,34,4,1,5,30,9,39
Yates,Yates County Sheriff,2022,26,8,34,17,1,18,43,9,52
Yates,Yates County Sheriff,2023,27,8,35,15,1,16,42,9,51
